685
15408
5633
24452
47781
24580
48101
15624
33563
36675
20204
40409
35594
21822
7423
46873
37457
37037
21165
43938
9891
47218
8570
46178
11659
24099
8085
23510
47612
20304
37733
48278
2044
9698
39062
16157
34258
3495
48113
17801
6502
18297
24542
42076
6451
48297
5281
43888
1667
26427
37806
11538
23625
12709
7697
1617
36788
32114
25107
732
2399
29172
48990
20775
38851
4385
36913
39441
24212
35006
23575
30695
19636
14449
22751
26067
12727
28013
36288
14374
20772
40426
42244
10729
3115
49921
12326
39883
32016
3765
40596
747
49270
5918
21502
4453
26635
24747
10226
828
9734
33781
31503
45702
48211
20586
21749
27270
14931
24369
7976
2035
14776
200
29097
17871
102
7755
24087
48450
11501
31015
49177
27103
3265
37011
31536
29881
11739
41742
47041
37805
41856
44876
33487
6399
15442
21568
33649
46706
45918
7957
48721
10674
8137
27798
28525
24571
1886
18944
39353
29719
49939
4862
6802
3185
41854
4670
49398
19925
46392
46419
7710
4580
41275
41177
10959
23049
12725
10940
19735
24975
18877
34789
35629
43347
28919
30487
17898
30785
49411
7232
10484
15683
12074
33618
35200
20260
38268
34578
40165
993
47329
47855
5553
4936
5364
32845
44317
34422
43765
30385
9377
28975
15154
11339
22302
10405
8158
6532
41171
23901
30096
17987
39564
8503
1586
24744
28743
39834
25654
35241
7159
39315
49428
12693
10583
4773
11870
21233
5527
5615
1598
31236
922
16732
8907
23204
43469
17045
29717
34620
40927
26145
2588
46823
34628
20506
21548
29704
26672
13534
14925
33812
19182
30685
12837
46097
35438
24687
17310
7297
46634
18888
4866
47537
1952
13753
20721
45402
30779
16770
46354
38038
9248
15274
34841
43856
35760
6369
23540
12413
36236
4797
46205
21750
35463
9022
17827
37233
41
35118
44511
46655
20338
15709
44172
38623
29442
31226
357
10201
14328
46691
48219
23556
11946
33041
33745
47686
5742
7265
26431
8310
28395
38968
46392
13838
47970
14200
1051
14343
15650
11894
10979
2320
27583
21483
40923
23358
2689
41260
49891
33350
4284
48091
6886
16210
47464
40611
30228
19538
14209
22992
44181
42584
11940
40553
22754
9891
21085
40137
40566
3067
18364
1525
5368
12279
22989
12623
35617
42010
20216
35489
25340
24480
49912
32207
7022
13708
39150
3582
33226
19691
26554
43739
28607
38475
34273
1341
14698
21690
41459
5244
24738
26155
6750
30086
38414
46071
42689
24012
38061
29237
25833
13382
3697
25725
11921
10699
39413
17403
30614
38971
37075
7148
32691
15662
45603
33296
33336
26633
4966
41127
31858
29684
17262
4940
26102
5656
17343
35124
46000
5384
14341
21813
35098
18019
13870
13351
45050
3263
47087
41996
8567
494
49125
7590
32488
11060
7218
15804
37674
12164
23263
35864
8181
40505
7136
615
46142
40811
35719
8474
46175
41
30268
47606
34392
44118
27289
45774
13714
40708
37751
38613
7534
3208
46183
40003
14248
3381
22139
18254
31877
45383
20450
6390
35868
43918
6986
48342
34709
42685
6797
47217
9058
3397
11155
9782
13847
4776
5537
27541
45465
9620
16134
2979
12808
28649
9314
43388
32010
47786
27975
30220
9501
48405
36590
11701
42304
43556
10024
43345
2574
33153
40542
11612
36530
1677
37727
357
6434
43244
44231
18231
19196
26697
37542
48336
5327
13189
41704
3669
10955
19659
33869
20436
34397
36792
32117
43033
30328
8473
36358
49234
41606
43233
27179
44468
44890
14886
11158
17656
24462
5369
2219
43638
48398
6094
41954
20057
19263
49990
23707
30198
35982
23908
16966
20359
10680
15415
13372
7341
23869
16062
22907
31807
9275
66
42608
20498
14932
3746
4486
39374
25447
6686
49344
40177
12760
7630
10215
48355
7601
33902
44885
43563
24142
11831
13902
1155
43578
43606
24828
17427
26000
47715
15567
35256
47762
24507
22086
29026
44585
26552
34733
36364
49570
34057
26521
28662
41668
36716
26997
15601
36950
21862
9144
27425
25
39378
28560
43584
49316
19720
27343
25296
33767
9242
26884
31509
33729
15302
26868
28294
8187
11581
30990
7737
45618
7492
36380
3618
10540
29709
19199
47471
17904
44675
41228
17909
385
36120
11473
49681
5820
5149
41310
39567
14371
34526
37409
48081
49809
14257
42707
7976
25818
23678
32045
37768
47502
34757
7719
8022
14447
43250
21825
48683
37906
13033
16572
38271
49133
44378
4285
21285
49507
11927
10833
13858
12785
14574
28271
28926
28811
37311
3234
20961
27321
35260
25061
24803
36349
32760
49157
17128
25991
20963
15791
30229
328
32344
34832
49442
43054
5449
20707
42541
17356
47872
22731
46474
12426
17335
25380
7569
20978
28595
28510
48279
30187
19904
39414
16516
18996
4903
33625
11319
25846
49396
41528
42507
48072
42693
41929
41106
48122
28968
33627
31811
43173
22691
28265
5579
6358
19977
13129
27316
48552
7971
41927
28719
44207
47673
45216
13184
2556
45173
24483
44735
44549
32344
37222
8954
25017
45483
40
39471
24431
50000
37614
17584
39023
32211
39496
45361
2169
2605
22657
701
26908
30916
45753
21096
28569
7301
612
31105
2454
25075
25820
13335
23751
13022
22269
15100
8485
38642
20904
49249
4974
8498
33165
43977
40690
22641
5670
42839
41578
28307
9872
18467
25555
5605
5895
4104
12886
6487
35189
31672
47894
27342
11340
37978
6696
49941
3058
15162
38563
23942
30743
9869
48773
13888
3826
39443
36510
9476
48614
28068
4115
8466
12867
29650
30404
18742
86
9622
41561
1608
7627
39436
28930
18947
43746
35606
18868
46784
17100
23764
37059
47823
33613
2164
28044
3772
41587
30886
29580
6533
8934
28
31331
38134
29658
11715
6856
46077
21318
14750
47665
28925
20518
26575
14204
14244
28513
33052
27360
45594
23148
14399
9749
23094
16543
4125
26846
24462
34991
22758
30975
10258
22766
12287
48372
18757
40334
21560
14814
27984
36290
12459
23241
6788
5366
37425
37364
33859
36810
14705
45785
9938
45436
21867
49364
11960
25972
26190
2754
27296
15281
62
37534
38027
28681
35886
6764
18995
23778
37910
46960
10049
349
36533
33169
22047
23939
20514
5887
10729
1551
18004
36999
46967
39851
36344
8907
32156
28866
27994
9432
44127
28036
13298
48487
6697
49164
5231
42024
22922
9474
5316
49303
9803
41830
48805
48183
15749
35651
4050
42810
37182
38386
29789
34129
44570
32465
9369
43058
11312
37343
2470
21771
31711
32100
20238
4740
47596
41802
46744
36850
1256
18393
36134
27391
10203
1271
25554
42284
36902
45936
1426
24064
34303
47547
24525
28853
29993
226
21891
7637
37549
40693
29388
35592
39125
15959
40312
36701
7741
3389
23531
8977
21762
25997
36348
48297
27248
11883
6913
30482
7799
24671
20878
8434
22198
45384
3619
18523
45590
41842
42492
49472
32515
38213
1396
37972
4152
41689
24653
11873
11410
14517
20830
49504
40494
7158
14133
34075
35373
37378
14537
9505
12029
1748
17919
559
47112
21519
35415
9034
13341
27887
24838
12189
16080
26215
141
36564
34236
41127
48417
45626
5624
19227
11462
46098
42718
25575
46505
28071
12933
27375
3908
41294
29103
21808
8185
42547
9659
43580
1561
39332
37800
42732
1501
20212
18927
17975
6757
19495
9082
5154
31453
14686
40714
42895
27116
33412
34802
23602
27815
47715
17309
31704
5341
46392
19844
13506
38919
29483
23419
40460
18795
27551
49524
36629
47743
18431
4584
4480
4258
29998
25967
35691
11016
16661
28566
4464
16405
13348
44398
44200
27395
11687
42236
49068
8059
12060
28907
46958
41523
2306
3751
26651
29837
3255
13260
43912
38019
34176
14725
42257
30506
40672
44281
41502
23665
22827
12298
6402
2508
6677
16934
29883
34696
9151
45284
42736
37543
24171
6026
45399
26457
26109
22030
22626
45697
1622
16518
33696
35778
31223
42285
32616
38227
36546
40450
28224
25706
2728
34606
44546
25737
1521
40761
10414
10652
36025
3130
48175
10176
25488
43554
2965
1578
31916
25571
47255
33518
8422
47283
35628
5977
5900
18224
44185
42427
8654
22389
34465
27715
23328
28991
3432
24829
19732
13826
1813
5738
33288
16320
32246
8757
26207
35192
26667
8103
10743
40254
41602
19145
37517
43562
41455
43397
11767
35620
2156
36753
24341
2953
14448
47649
31924
34213
38810
17989
14371
40603
40059
47640
6904
22285
22729
33091
7457
15728
7526
34533
5962
15460
3658
43459
9003
45093
3188
37102
47045
21677
23835
37719
24610
4616
1700
6515
5161
40491
40836
19512
47426
30875
33484
4310
3140
22545
3733
26930
38253
11240
11443
44195
26680
31433
3986
35663
42859
23507
39097
39884
45164
29265
43935
19754
213
45616
42601
5354
36087
33417
41198
33493
30624
24663
4136
97
47188
24201
27007
35422
35421
38430
45949
28434
19843
16268
30429
29034
39755
19507
18899
34899
48752
29166
20985
48945
24762
29919
20631
27181
29668
11809
27007
10273
36452
47475
10350
33621
21656
3689
35375
7058
8451
47656
35472
44626
13904
15881
23641
3639
1720
42520
4870
452
21666
25836
15729
12761
5735
36340
39922
35383
48130
33261
11988
34562
30716
38670
34515
2353
42339
36222
25743
770
33859
27547
45377
47743
43408
18998
17715
11461
27850
22565
11893
15848
14733
43955
44941
36800
30275
1196
22164
44737
34437
484
45632
15134
39135
30127
33819
47806
32682
9542
14909
16521
37069
10266
14244
46809
45596
48291
8250
39778
20837
36476
21958
35550
30411
16880
22331
27018
18056
10827
21736
2473
27643
17348
33939
16758
13807
34090
30897
46469
43612
45786
12970
47013
6032
43547
43803
17960
41818
18385
7718
28987
21193
46008
30870
1584
12868
19533
44935
30904
30340
16651
49710
7963
33979
49981
41054
14118
34052
21931
10568
27644
17697
39870
24638
40061
49749
34773
24353
7900
19490
48403
36867
40664
44391
34069
8580
7240
3582
3495
4476
33902
20126
4166
8198
20437
4128
15584
34536
4512
3847
45084
32136
37876
1286
23106
44269
1016
24211
18602
25248
43682
33337
12095
678
27708
12497
9238
1280
16059
12714
5737
49942
49172
26235
24472
19590
46695
6388
20458
1187
10215
15522
49656
14423
33140
39094
8672
488
13286
43606
25716
23300
26923
4144
40310
4611
16621
49528
5872
32660
28574
27941
48934
27727
20508
23386
47297
17184
46106
17735
34703
22653
49589
34339
37056
49061
39766
45708
49530
3032
39294
25226
42664
32549
29350
32954
37141
45951
48814
9345
44944
27369
3618
43858
5076
24106
33577
18705
41270
29663
2772
42306
2297
18693
42977
5685
17734
32723
1374
17244
2087
7000
8803
44731
39530
4485
44017
43003
417
42812
18680
11693
20161
22278
5531
41569
46364
5440
10254
3967
35084
13006
46253
3713
48031
39210
9378
15745
21914
27084
49322
40333
417
8105
35045
6279
12570
29042
49262
29319
38186
17922
40992
8327
6532
12856
49876
2876
18276
26462
6823
19692
39448
19408
39737
3811
24951
49096
19537
13197
42512
35191
3510
9261
9628
38535
15520
22178
33910
31114
17830
22076
15368
25154
46736
21880
37990
46592
24737
22599
23035
47892
42271
28815
17281
31989
48959
42212
47417
34828
5389
6261
19999
25231
15503
29607
13747
31003
18117
13989
12098
35927
2397
27446
27414
49113
15659
31736
12038
40376
4315
1405
4600
12919
46552
21861
11240
45491
30405
24989
30299
2126
31230
278
27338
46713
46217
7417
44049
14315
37738
6127
16574
40115
49905
43968
5561
15544
25685
33931
22252
46332
35316
26833
9231
48200
15026
36803
43672
11764
11772
40303
13870
42983
6914
7540
6028
3111
31289
57
33758
19007
22516
16665
25455
38754
10613
47348
20630
2630
31259
9215
48943
16555
36028
24506
31087
17386
27642
41091
29130
39394
31375
9333
48709
4621
16853
4718
24064
48123
21107
7803
33462
43604
24448
8897
32338
1393
22577
19300
20356
3816
28495
35631
36703
30855
26469
17771
48222
4091
8842
27332
43466
6549
36645
42155
11150
19831
13205
35195
34286
34293
9330
17728
27877
110
42958
26547
17835
15515
45827
38171
35664
40655
23782
22347
21490
232
40098
19692
4303
15273
13357
14101
21802
16334
6237
32933
36145
35774
34460
20411
20047
43770
4472
47904
10212
13762
40783
28027
45609
2943
32531
31253
43578
22645
19933
15048
39209
10011
1073
9845
25264
14410
23926
13399
30724
46495
46312
16850
32250
47104
3593
2277
7206
24397
16514
17398
4491
7277
11757
16433
10200
44268
14018
20110
33246
33931
35139
22435
10275
36192
32260
1871
16934
6167
15250
47638
18994
27894
30820
1224
41330
746
19834
48516
41475
36328
32246
45947
9937
43984
28712
20118
4584
42710
6560
37810
42974
41679
26578
19581
44203
8818
21432
27469
31317
3015
25088
292
47241
5888
17848
38552
22966
37662
37048
14422
23970
19275
26701
33888
29591
5393
20338
34155
14435
26878
38298
23741
34890
14856
43302
45425
40006
31067
22875
21304
414
47943
37928
47635
20163
5756
2519
43110
43399
5900
23864
17349
41507
545
17569
21078
22270
37887
21565
3037
14746
9843
26759
15968
41031
36393
11373
31018
33792
34228
18654
34186
48503
6562
48154
34999
12298
17005
44441
22029
22885
18285
39359
14372
35162
23260
35430
7412
11128
23328
26781
42206
33151
3520
24506
40515
6246
35859
37865
40018
36420
6499
24185
1255
29393
38671
36234
8023
5656
30655
30033
28522
15272
35724
9226
414
8964
10989
24158
36424
34297
920
28610
33780
20772
3096
24275
26998
5288
28472
33349
41688
34951
23866
42923
30676
12517
45490
5032
34505
26125
35045
13007
7730
37101
38566
24476
46045
49535
48615
32450
33812
15867
27392
17572
2971
46821
8180
46302
2089
36632
29631
10109
37916
3477
19364
18572
15974
31186
23584
16811
23644
24961
29799
31354
12042
34697
5810
24420
34212
20757
6850
34356
2956
574
1908
5908
13727
10068
18542
32148
13033
48153
8589
929
17962
44286
35833
268
25452
9398
17059
49076
691
13190
46762
12714
47867
2553
37114
32059
39642
10296
32747
42579
27202
988
14819
40910
27388
33341
23038
40401
47826
31608
41310
15768
25874
27124
16016
1306
2854
33055
16715
3525
46226
13457
16219
44073
32342
19665
42465
21965
29941
25192
14524
7124
26160
29323
14366
3529
28996
37384
10262
26802
35324
1553
42550
11178
45009
8546
28817
47843
7933
45512
1348
4139
25301
33900
14545
7624
19897
6990
29569
49819
48514
44073
23275
41007
39728
37621
10868
35056
41337
21110
11838
26642
22643
20720
4152
33984
45598
32949
31807
3511
44793
49488
23983
20075
49720
38508
27679
19597
45478
7228
35748
10324
17633
25355
17663
23693
29308
28511
8729
36978
49602
36899
13600
38577
23951
17732
22542
19529
17014
20681
39372
11787
36501
13335
31842
36201
1823
25853
22131
13633
33061
24211
40290
17026
49547
7933
40699
45187
36425
15760
32145
2359
18991
45725
7268
42922
29790
29790
28783
13136
16804
18136
24903
3285
31451
23078
5819
49607
48911
44282
29572
48305
18473
19842
15311
34352
44108
22343
29520
30513
38083
11645
49204
7055
23703
6452
49957
19825
36223
28721
32941
19359
13189
7824
38976
10972
47234
11127
10559
12478
5389
6464
10763
23843
42638
42406
8175
36726
14729
4027
33571
2793
15653
32755
9828
5688
39188
26117
25493
41743
21170
8414
11082
34339
32570
38
45292
46137
27498
22183
8595
32867
44979
35690
6690
37598
28076
31198
24304
42786
35205
7856
45559
17190
40591
21719
39210
46111
14168
14683
37834
35319
39429
48896
35990
38332
15267
47614
34449
42745
36130
9376
41944
47441
45046
14967
35019
23102
12497
25656
15868
47682
49844
27759
31205
6767
49458
20395
2859
29959
1411
40673
31610
40820
5902
33932
45484
37501
31527
29913
46578
33989
39269
38502
31410
647
19801
32762
23730
32278
8398
39578
46293
24574
33670
27478
31321
33108
14205
512
29399
15596
7518
10989
22749
29752
44902
18213
17233
42761
14459
30143
43082
20060
34977
24472
20688
4759
23566
44398
37017
31944
308
49642
22850
33958
43452
20504
33399
7638
20996
12778
39566
44846
40100
28647
24578
1334
46841
8143
10427
11280
38266
3489
47672
39576
44293
18340
10667
17840
29070
47664
16116
29359
13639
5299
29649
7071
25783
13028
31041
46759
42139
20588
41586
48571
49215
32496
49885
12388
40620
26644
40000
45218
30113
37653
34774
40738
5973
45421
24910
1376
9418
41007
30715
23037
46286
26696
30088
38401
39705
11110
35140
48176
48030
43058
46727
13577
41887
12944
25946
32487
5920
15926
27685
36013
3559
28792
43083
25865
24193
17974
27221
33591
25313
24268
22960
37931
944
19381
26312
6981
46823
27784
5137
44833
37175
18196
24742
29042
47472
668
11509
3372
16575
5526
5717
36466
34298
48781
28663
8472
33087
22216
8395
8380
46464
47688
12643
13741
17049
38935
20702
30204
33051
42172
41369
20206
10348
16091
49228
7801
16740
27069
11153
49647
32576
33203
2445
16854
31964
31089
41658
31383
19637
16386
6095
16082
14054
18718
29803
47435
23985
16837
27619
7016
8989
18968
27203
19318
35039
42763
43451
1759
19813
20936
17738
2369
4119
20164
35555
2415
17585
43546
130
37202
9912
6205
19616
23946
24903
15751
21361
48868
32569
15312
5865
41538
34260
33048
27188
19279
42143
36971
37371
11936
24240
21441
30637
28339
7937
32525
47087
25502
26051
47197
29037
2295
3383
48633
42573
44618
30717
30266
43467
13266
45558
15664
21136
29798
15044
14657
15409
7167
17960
2760
19084
42180
40534
16053
36852
48451
48558
33919
23934
40941
47448
19303
43216
17163
34268
35769
11762
14965
16015
21561
44563
11553
37205
32032
41331
2229
13021
23073
9376
30961
25813
44792
23122
32679
10826
9954
31111
25716
10205
5025
16638
23985
40660
9834
41129
24908
45584
19223
39854
27931
40764
749
39465
44301
32761
47128
46510
12114
20181
22218
43056
12327
16991
32510
44986
44149
8796
26077
19845
18981
47434
36463
9298
38074
12630
16759
29315
8194
35962
35501
2457
43058
36230
41902
37339
35324
5363
181
47418
41876
22380
6806
4183
5703
39296
15502
16184
48072
7911
36009
33385
21678
38805
42664
26084
17767
9403
5379
42293
11698
40860
44730
4736
43423
36613
8408
28727
8308
8569
42477
164
30929
49264
20680
2964
4892
36162
19128
2945
10405
21470
36310
32063
26607
45306
8128
44354
21042
29839
36627
32720
20680
31337
3788
30435
34282
12176
25494
8922
20726
17951
9067
17987
33547
29727
37284
38420
32221
6392
7697
42606
44194
10339
41002
37133
5626
49110
31467
43000
28929
34426
25700
15941
32096
45820
46356
16358
7977
38182
25261
45035
6114
660
29354
5993
30367
16618
10745
28920
39343
18422
21506
33517
45094
12488
20631
700
27930
18430
43680
23192
19189
35712
39113
1265
31512
1802
33955
5821
39964
25548
836
12410
26188
30171
34736
22887
13121
45461
1787
2444
30216
23274
2294
25290
2094
39257
42322
30005
24019
2334
3177
43188
4378
8622
44433
35870
26756
28369
8024
16701
3897
8840
45443
46418
5343
46511
19285
18445
8305
21053
37221
38501
10659
5847
30123
29085
45084
38777
9070
19084
41091
28579
12252
45449
37182
23018
47651
13918
1367
5655
46951
21596
30828
8727
17994
2503
5218
3612
37280
13503
40997
24482
18336
1636
30309
14791
47053
41726
3548
6104
10790
10971
1015
39374
22752
38177
12372
20384
18428
30071
42371
31711
18000
39531
40418
2326
42015
11969
5918
29275
41804
13247
20089
10121
31215
16731
41244
28249
8437
44773
34333
35559
5724
35328
41265
44809
39838
19970
15173
24598
16373
23876
6289
34353
13388
13040
36660
5383
41341
8910
990
33125
22138
21060
9578
3333
4123
803
31562
12540
11908
32227
14431
33964
33888
5676
28753
40058
25626
10258
14636
41980
34115
37257
42665
47483
277
45657
19198
41598
4548
36520
41056
43018
23912
614
12683
28015
1397
10578
40535
13285
9137
21298
13582
43005
26955
42315
33043
18913
2554
14011
27225
36649
1249
19871
464
1506
31860
35994
9437
36388
22494
473
45738
46387
1067
8402
40734
18797
18960
47602
48414
44429
18880
11976
37415
12167
4272
36790
31061
23158
782
24618
9787
2011
10821
26583
19849
42662
28909
45618
45382
1383
46071
41101
14102
13471
15835
4817
48600
1127
2399
46994
45536
37611
25303
32931
49759
45907
36054
47152
19045
36816
21750
45164
5159
48904
21727
41340
41546
616
36939
36908
18331
49342
44341
48766
12793
10156
19915
11373
11263
38646
24700
6780
26237
49983
6043
42328
45870
42077
39460
31247
45225
27543
26391
16716
42779
48098
8037
34305
15046
11308
37545
49709
10630
31867
14807
39756
42003
34702
1109
19599
23328
42141
42711
15898
42104
15086
8206
4306
7144
13999
1885
18701
7874
28256
1750
633
42686
26119
34918
24064
37407
22443
23754
48017
20642
38541
4105
28978
23224
5195
48557
12884
13668
7600
28762
22105
22666
3301
42743
46142
17280
44609
31176
41486
22845
32906
42099
15512
9005
26997
39556
46392
15772
29642
10741
2747
18164
14827
31705
7720
36354
46594
36936
50002
4174
32031
38439
43172
35312
31163
39295
18924
25752
20451
26742
48577
3337
18821
30421
28674
12150
36310
25046
44254
15932
2119
46981
428
16926
45018
24480
19612
41592
11397
35947
12098
43408
24366
5251
45052
5509
10878
30308
31241
31309
7030
46151
978
42183
42904
29632
4313
29194
21010
48547
45107
23109
45509
11867
6368
6859
36328
25960
48432
47705
28239
26862
7445
2586
32093
18829
24427
42951
15469
22001
40592
38831
18132
41550
30994
11016
37514
35287
6543
8504
166
1630
31594
12007
13477
37942
18847
16137
30234
33611
13822
8454
10453
37599
27372
8879
22760
1779
18162
38209
23760
8735
43372
8224
16617
24346
19221
20464
25965
25744
28948
42464
43706
10522
4451
23515
14796
39630
39633
45011
23221
19787
19797
33655
23719
47149
8866
46459
48908
27008
34649
39001
2075
44353
47205
35025
18680
16406
5469
10977
8482
34397
3421
18520
11252
24205
8368
42380
13815
14333
37371
3369
34100
23500
37004
7799
20629
12202
4239
35870
39190
5220
24851
7598
49553
22036
42603
34565
4775
14404
11875
29589
48781
31628
14442
26365
5813
22790
18726
35961
37103
22429
39310
37535
45910
42646
11667
32871
4828
15886
35073
10350
37438
26256
17928
3323
48273
26863
37869
19380
41247
16076
15301
6361
47684
29723
49058
3478
18845
17764
39419
22280
6526
45061
9796
2416
37687
37795
1619
42495
20013
3025
19177
7431
29261
3438
27086
43866
30281
31287
13226
37861
47343
44860
10554
45008
24563
9592
14818
9741
43689
4217
32001
195
15610
8129
18943
3277
45904
36894
12104
15897
39899
31261
39660
19141
34679
16727
12987
31293
14346
42546
35486
11670
37386
12372
6658
11929
38296
21456
38002
31965
42005
19984
48492
7595
44445
17415
27204
6682
4290
39288
38911
44169
36881
28552
29642
37893
11611
42610
19166
42289
35136
20984
3939
22502
33336
26929
763
21612
14717
38746
19910
6702
25062
18382
30629
35839
2130
24165
42501
22752
13433
31393
33253
16647
26277
12876
4520
4220
5466
23666
46489
6934
10982
16761
45768
44298
43670
46511
32242
8368
1589
18484
31402
42983
36847
28364
28803
5309
2509
37636
44393
32275
35361
27626
48902
11618
40482
3402
32170
12280
43400
44992
35546
20714
11733
31294
14992
5383
44138
13566
30083
45707
32031
11466
5023
35210
39810
158
6851
8651
37774
1224
40906
23116
28830
6140
1066
35645
25874
49569
14257
35606
44541
49784
6300
22606
31058
37624
44321
25176
17523
24385
37216
49534
2183
42219
1076
8325
42357
7907
16956
46463
9111
24195
19559
4273
30315
36958
6250
22522
2859
20488
8108
47380
20252
30741
36318
17642
34697
30619
9151
2200
4984
46347
18066
23499
4898
19122
31804
47235
27009
48741
10030
2452
22916
45922
23058
19563
32860
29288
42065
35699
49756
16506
49411
36340
13579
2061
3963
48256
32660
29446
16789
3977
25773
34835
27456
30651
20290
9241
44218
47279
24314
4228
16064
47210
130
39102
33105
49322
18370
41503
1353
34459
24341
17096
37131
37900
19137
41074
2488
18130
36852
19257
22087
12605
20425
15875
9588
40695
25096
20138
4306
49390
24347
20350
12932
40809
25784
46018
6464
10487
3853
24149
11278
28174
7578
48389
32406
26695
5796
34874
44805
42628
20464
33224
5214
40869
49080
31134
31544
40508
1253
2182
39879
41932
38865
19143
49073
14629
31493
21869
41448
35326
45999
2706
13480
3557
1076
12218
46584
6852
47073
7722
49460
33869
7278
21006
24718
6338
18473
22594
46827
36058
41108
3038
27970
29953
22161
43375
10915
3635
15225
2343
5293
27556
21382
35106
31093
22438
47304
44009
45622
10709
1711
11414
44558
8970
48753
35608
31640
17206
24534
44799
3244
15623
47817
47546
45556
36311
7253
22803
6278
22458
25127
11551
49994
46489
46637
47419
35259
43922
41409
30861
4611
9452
8607
15502
34754
7340
1090
16375
40878
41957
11154
10454
7560
25304
24332
19448
11595
31566
42232
17853
4004
33691
29384
20331
46512
42354
17730
31751
36256
25471
28944
7199
1256
37531
39033
35990
11204
6456
2345
18414
48393
29832
28849
5933
5116
3161
41713
33043
1059
277
876
21396
33948
46592
41707
30440
38926
25769
28523
41514
17573
7447
15046
18809
11311
4059
4779
22495
10495
23457
40889
8868
3269
36070
31133
8365
5564
39179
7740
6603
39436
8596
27979
39717
21520
19666
20137
10427
11768
14993
18273
29321
22420
33299
48110
63
3691
19221
22538
14166
42658
29760
39367
45907
15810
36832
20604
21354
25991
28324
44290
31760
3252
22249
21457
24753
8248
7926
1512
19996
22899
19765
15649
11652
3045
30091
11695
23068
49292
566
37214
41931
30306
42913
4170
12448
29726
24755
33783
5697
19411
44405
3789
22644
16634
25226
13729
41214
33133
15221
11190
22364
34966
43171
33996
4343
23242
12024
27391
22515
12570
30938
30778
42856
23831
34928
21636
3537
26015
5399
25567
11759
49784
29336
735
32751
20895
14444
23945
20360
29645
1468
42704
30943
44619
43033
35267
34194
5037
28990
23041
33939
9908
3799
26775
33720
5059
14743
3589
47407
20123
45488
9146
36239
41157
9861
35322
12032
24285
9248
48724
20262
27048
41408
1185
37999
773
2784
22173
22142
31755
45194
6061
41643
15325
49168
41695
36717
13892
45265
34104
347
7085
43230
2918
48222
19423
38221
26586
10040
13801
25290
46634
40829
33031
47799
45160
33784
16916
17314
5907
15003
28840
11948
6626
10498
11097
14654
47195
24969
26251
31279
25296
33316
40841
28194
47871
10244
32747
24437
20264
46528
16060
16878
3689
49071
31009
48830
32835
14257
32476
5074
29240
11296
17003
2199
21774
44432
16833
35301
35733
9416
16560
27361
42712
7381
21887
6915
33957
20967
31333
20553
33827
47373
3763
37497
12776
1105
2659
11943
15342
1467
16998
10915
29095
333
13094
17202
11097
46259
2483
46810
5655
35376
40503
14699
9089
12370
21595
43027
49669
19260
29912
33477
32965
33656
20954
45721
34741
39945
7644
16415
7744
40974
27310
36819
41287
6736
4001
18716
2975
6465
15506
24962
8173
22341
39642
17242
1044
27569
10249
693
46809
40142
34150
29754
40130
21436
41807
41203
11361
15783
7598
19085
6738
1241
22237
14357
7957
26218
33054
10913
49015
14892
35855
7168
37214
41829
24391
38238
19378
972
38911
32519
7446
23042
12253
47556
10810
20392
38739
22152
36156
12670
7569
9226
13891
29786
23563
21828
22337
22949
49073
37684
37822
1261
44833
41368
43070
35556
29586
12429
2860
34829
11280
10287
24203
39866
24175
34994
10238
29247
23478
12726
8249
47379
21932
22120
43498
11828
10280
15815
34757
9334
3479
38911
10575
14644
30259
3625
16532
26177
32386
35725
10987
43647
45992
1522
33493
36499
36496
10063
32078
26306
22770
40307
23666
11034
28759
17144
39194
39020
49291
23932
48334
19102
29175
25241
79
25767
28846
16591
1924
27565
2296
29243
37544
14620
30746
37369
17452
33574
47412
15862
26213
36514
6150
16211
13881
34889
49687
3055
40241
48958
43319
38555
34392
22475
13776
34451
48222
8955
17375
16478
2852
36003
12054
40376
604
9132
44077
34388
9038
7821
230
35231
10668
6360
1422
24529
7582
17441
27564
47803
32731
20864
2691
17104
43319
16447
17887
7873
41734
35242
40683
44566
21226
2717
1274
38162
11829
45331
22530
20848
19485
39092
22411
30133
11785
40166
4642
19347
7587
32186
33482
40299
3030
36153
23735
12681
18933
41602
36886
26999
43177
27550
21546
30735
46599
39152
18877
8409
816
7739
45589
20281
46811
17980
394
24928
24478
5016
44255
32046
3534
44070
38677
22897
46555
28744
35558
15468
36678
22425
8800
29835
16307
46678
10550
12886
35810
45759
37627
36606
19830
33196
6867
32974
17509
23593
7882
8319
44941
18470
6697
48456
12520
45354
37685
9055
40430
23223
40856
27089
11980
15988
23256
28267
12646
139
7486
48436
45878
45093
1375
32041
44622
24574
14995
28463
48148
39209
36762
9421
7659
43440
24209
36511
5126
11874
11899
45537
35078
19087
22606
13390
35055
12194
7990
47681
12313
15456
12449
24524
26881
13804
6545
21483
38359
37872
49926
36487
43413
36669
12240
1053
46441
36430
3896
1547
48284
15775
47064
33342
1194
36002
13065
36229
48177
21035
242
10470
2823
12672
34974
29684
42808
7851
17500
31147
45703
17406
33966
39097
20407
46187
6482
16828
32597
26710
18356
30861
8818
31752
30536
9992
17735
9933
12554
32244
30948
29128
42694
33751
8132
44001
29767
921
1832
47247
48400
13868
14634
48699
19297
1373
11218
42111
34534
43795
18801
2870
40988
27599
954
37856
3924
35021
47769
32810
17245
45049
11918
26272
45132
20031
20253
24880
37284
38417
22107
2016
2265
36721
695
37894
4427
11893
29985
38941
22020
48767
8143
29341
42698
9077
33529
12954
10431
31279
45744
27656
42660
23995
3908
37773
10358
40493
12633
47622
28891
34720
49618
47488
37774
16646
35363
42181
28519
31680
47454
520
30427
5577
46193
39458
30986
29702
18744
41397
27313
14469
35386
19954
4796
39274
7707
15134
46100
20320
29088
24971
21372
45038
38791
9126
11664
24134
17639
40164
5795
31425
7016
2554
36982
3189
8344
34301
32871
27069
42030
10165
7870
27396
46451
12646
33003
4138
44112
29083
40790
23180
20386
28494
18198
9157
3953
29843
49624
21572
36339
21751
19330
9687
24285
22644
12856
48962
6925
12059
42363
48936
38556
213
42664
1339
29191
25647
5457
39635
4710
12579
12795
25076
41054
47325
34214
44987
43500
170
32891
29819
21901
18553
39486
12518
41178
18674
11460
48083
47066
3803
13351
1954
20348
22348
3274
15871
47975
25063
5486
19018
37623
34613
44074
45009
48271
44620
6328
41751
44770
5551
37903
33003
24085
43721
45502
15243
12376
6942
29658
25774
27078
9342
44060
13758
31670
47314
45962
29625
38710
17780
48623
42665
2374
9030
4006
625
19982
10314
8708
31085
32197
46591
14068
6262
40293
9550
37837
19001
16473
17476
11107
9883
26798
5147
39973
24800
18794
35915
20757
7484
3676
19361
16481
22382
44723
20467
39339
14685
30761
48027
45750
12938
44599
9799
35533
1224
19329
23350
20205
2134
7158
47644
28349
288
2771
18303
25068
37897
4198
45806
11713
24206
31499
28174
46568
42554
48621
35887
7219
45714
33895
19302
24985
44826
45433
10498
12382
31094
180
48919
33209
7319
46543
27890
7587
15646
12525
48988
3524
33056
44774
15217
7242
42605
9724
3791
35139
8325
6010
8690
20372
6237
27972
45337
17395
23385
22167
29757
4460
22327
28656
4001
29626
41531
48223
3546
