2725
32423
27443
33207
28272
13597
35469
9939
40600
38557
38351
47548
25073
41525
19669
45028
10236
23229
7157
34376
48943
42057
12260
34478
10640
24996
14607
35888
25106
25538
12922
27812
24293
6697
27351
2545
36626
12800
28817
27207
17689
17148
24735
42742
8653
44385
4103
35222
33946
27592
35930
32869
19629
48170
33680
30249
23146
14619
16117
48232
40137
45371
42376
14410
18400
19707
33287
5007
48839
12084
32194
16508
29212
23261
9231
4198
33978
29666
5752
17904
7238
41662
754
26847
39812
766
23428
29290
15365
5877
43854
5482
17581
36211
36224
35961
22250
19491
40948
21070
31556
23122
37558
27100
46364
13121
47630
30322
9119
3362
14559
16337
11356
31645
9516
17500
32391
49276
46770
47736
5134
40605
19550
22695
43148
5754
8636
31730
25225
15917
2780
23113
5371
6671
16546
18067
36124
14156
14722
45224
33851
29261
11541
45187
10886
37390
29020
43257
36646
25770
7325
41760
32707
26855
30787
42187
32589
5756
23898
24146
21653
43010
13592
43356
49661
30118
11404
35766
10606
26106
30970
44437
5347
8843
5957
32565
46213
34957
25802
32840
27059
33107
40932
9747
26294
38052
1914
25215
43788
42144
15693
31773
35135
29265
25109
1128
25715
36493
3226
36302
28931
528
47071
34258
9352
3008
33155
21897
4297
8937
21069
31337
8376
28334
41064
1002
16366
9310
26197
10134
17787
41871
8239
2902
37468
33328
20362
29516
36154
23569
15798
15065
24077
29201
15656
33409
48542
48791
21639
2819
24061
42688
34136
48769
21002
41532
49752
3700
17175
42281
30166
34942
34132
38385
4176
37933
38046
24518
17429
40532
48067
49559
5577
22125
28740
37565
21866
27262
2689
43485
30062
43082
2506
30530
8183
39840
38395
24267
43521
5550
16529
23667
6824
16993
28385
10980
4906
16411
35478
38667
6923
33526
38206
28832
21983
16927
32730
43829
10521
1751
3647
6915
44813
6133
3778
2976
12305
42153
27224
5806
14035
10085
45806
20839
27058
24171
48151
31945
6914
33609
20592
30169
33467
25131
25333
5430
8390
8043
15592
18891
9774
35571
42139
20919
8036
45897
23876
20321
4382
17432
42460
18397
27497
38246
39216
4535
28749
37347
2812
35643
37288
39737
15792
37088
14848
41105
8850
23218
15481
24422
8441
25235
26325
560
46135
34341
12789
36343
4643
17151
20107
47083
35528
47584
1661
41076
18451
30390
44755
37596
16013
32024
27313
48137
35444
42141
5574
44274
31691
21035
35029
40112
12603
11334
7005
25070
45656
19774
27745
16631
36906
47832
30046
38766
11748
31687
29823
30179
12057
40910
17755
44402
39266
11400
42519
24690
19873
14425
18945
1544
1793
3954
7989
14376
15268
31326
5778
27256
1080
49855
43867
4318
47667
40245
43065
25747
21912
39220
22258
301
30110
39994
44683
19357
17726
3534
10379
37580
17940
29304
5456
19713
49590
13425
421
31191
11083
22531
8427
12144
22366
18627
32794
36365
8852
42191
12092
47097
47743
34330
47378
44186
40656
42042
29875
8363
45556
40234
12275
29828
19519
17711
15873
35441
47469
32626
16612
8532
5137
25020
20656
43835
9979
19783
30180
18811
28306
8604
32240
26030
9267
29599
20196
49903
21621
51
24598
33509
40265
36853
29670
26116
20897
45523
11538
18346
44482
28130
26858
49599
19482
13847
9767
29441
33610
6279
14585
28248
14864
46805
4258
40463
26384
40786
6698
14337
7169
31277
14179
47415
34462
10181
39863
21691
22036
17733
40017
16498
12196
16856
32430
31658
47035
42177
27432
46977
14788
8349
25205
29632
5134
45796
36427
47851
36562
43106
28520
43712
40715
9031
7459
25157
19192
47302
46829
41209
31368
3178
24039
43544
36366
6449
41534
33381
14958
18946
30338
29727
43627
5524
25691
48742
1300
12099
12925
4194
5185
7777
47886
45880
16789
5325
37369
2313
18960
530
9854
16660
3689
33874
10184
40035
40303
18050
23397
21594
36977
20067
1301
30584
25571
26972
45658
43203
39051
24915
47378
10568
49025
11596
6428
15794
33254
10130
34439
18546
10640
44274
35186
30661
44480
45350
37029
1115
29732
26758
22689
16689
46805
23970
13606
38709
17275
25596
48244
6306
16844
11954
33207
15849
23531
5967
47975
6765
16077
32394
25291
43050
43000
26809
40043
3812
38491
27052
4908
18203
20142
27577
1225
33280
17880
14811
38321
35135
6739
36545
7773
39915
48480
40960
5744
38343
13260
20051
11440
29317
18778
36711
38699
11758
13500
45075
31903
18323
38459
36791
36506
8582
14348
37711
41842
48560
18854
30143
33675
25574
33020
41429
15469
47832
48721
37546
36155
11961
7577
47575
7611
42687
618
12642
20778
30450
7697
2661
48753
12489
39432
35240
21051
20112
22931
29225
18653
41766
25700
2308
33672
25052
10069
15473
22865
25123
19351
9000
3416
43261
22908
27359
35928
23506
39982
6686
3937
14011
9327
19022
26480
15091
4242
13863
35184
43506
9420
3817
1604
35100
22457
1608
10133
48859
17061
49330
23962
2745
8310
43710
45986
31198
21050
31894
21037
11012
4913
24954
41355
30572
43956
17816
45644
14531
48011
30808
24369
7412
957
25953
8844
23394
43893
35309
38585
10934
34619
12527
30011
42910
6218
25977
40440
43600
24204
11457
4592
45449
2743
12279
26001
13032
46427
21625
27543
44419
18765
18244
18163
19702
44177
26987
9429
38050
12277
47994
15316
13228
26854
11660
6118
49404
37617
12891
42984
28153
24328
13908
39934
43404
26167
15916
6416
22575
3873
291
33326
38971
18515
1469
8653
12672
28436
34414
17054
7045
48741
48702
20254
41927
10342
42704
7663
14292
5575
627
8777
46236
30867
48692
39620
23366
30940
12368
45921
1145
12639
45579
40096
31134
47028
15082
43786
41797
49476
27172
48822
14549
42206
35408
6456
2529
44445
30451
16801
50000
31058
41910
12568
28257
40582
18520
1604
37854
30868
13857
38980
9839
9417
29056
40953
22777
44118
1071
14554
9927
28223
29709
40808
20410
15097
13597
39271
9522
44028
22404
25855
41419
14294
4755
19656
21209
39608
37592
9043
36808
17782
14355
46628
27179
9744
37561
49936
3842
38613
30823
30101
33168
10512
37242
19910
41941
819
9161
17796
44827
31545
9983
2578
12172
14718
38567
33361
20658
26139
8736
7447
43901
39424
4055
37412
49148
41596
3681
19322
46541
34484
49404
46042
11328
2978
15932
3249
3777
25074
37377
14936
22951
47340
17495
1455
12039
22394
1148
32677
48513
9865
40104
8747
49269
10491
46139
48397
18420
16152
17699
31293
616
33435
27315
28276
2745
43228
31506
6502
34634
35215
37771
7565
32536
21598
9001
44555
43972
10129
43564
8817
36326
50001
17544
1927
26824
13664
16656
45224
29796
688
26498
46745
455
3793
25001
3181
47001
22839
26015
47967
8035
13766
21865
6903
1696
47198
1438
45648
23659
11334
20798
9966
27667
38322
28225
4472
18318
44862
49676
14447
11882
26154
27524
12317
46280
18857
15478
9613
41677
41474
7561
16044
21572
29406
22927
23249
26584
40697
35229
223
18363
6007
26521
46011
44310
4727
463
28960
15921
119
43387
27783
42606
20891
40080
5218
39729
21891
14811
47738
13345
22352
30114
34897
18090
19373
24478
44654
26402
9688
44858
44745
15675
37711
40736
26317
42418
7531
5258
8319
23983
14977
2434
16569
35849
8847
21767
41910
30718
36558
39628
10395
25243
19722
11624
43313
5427
36083
4300
31809
12103
15490
26534
27758
3181
33603
20408
45580
41114
41998
20231
31429
6955
38998
47978
9136
47825
36077
1026
28523
38968
6986
38898
30543
43040
16854
23836
48447
2917
28116
30236
15000
9938
23103
9091
13100
23038
45831
8660
30484
37809
45223
11894
11096
34201
26204
20213
48358
12262
37571
43213
1210
44538
48443
31733
37558
15278
21901
35986
18175
16350
32554
49508
26268
21989
8579
39348
45007
4390
14340
41824
8531
25896
3698
19607
26429
29882
6152
24768
8476
10056
34313
26018
4574
32737
24083
8464
47995
45965
44430
32502
28647
43317
31990
21247
15286
6901
10576
26626
27623
41248
18430
36134
33476
38460
22074
9886
34674
44558
986
43131
4594
35279
19129
9148
34348
43193
17593
32323
5490
28355
31158
469
38004
13128
21696
19623
36362
48604
46229
13965
6185
30991
80
39641
35783
38486
15859
20437
33024
33177
29900
37599
18437
49010
13079
19117
8535
47004
1421
30357
41692
48911
47158
29676
12019
18834
15631
48361
33771
28192
12307
39936
9163
28719
29557
11278
17185
11749
31696
16541
44906
11576
20472
13323
26918
33532
32421
1785
46868
174
32122
38540
15417
45612
34549
27416
14427
16512
42110
48178
44685
20749
38094
20180
15800
33983
31439
49317
45712
13115
15838
40599
41023
2643
20254
17922
36155
19007
36039
49355
35513
34494
4228
910
30086
5109
44659
44493
21601
3101
9003
16266
23830
13429
36427
5962
47393
17846
5259
9437
47293
37429
50016
38296
40052
36603
22550
42539
5590
8570
8227
7436
43044
12435
8326
39462
17524
19317
33936
39105
22398
9271
5352
12560
22681
8111
18502
20054
25937
40093
45823
39562
43855
45820
27838
239
48755
16721
42759
20677
41623
966
28093
999
29733
2752
40441
47237
22049
24357
2674
44428
49961
24358
23320
22622
32449
41803
9008
24718
48228
4811
14260
42063
16963
8431
42283
15698
25132
1374
36356
16735
18672
30781
17714
48385
33513
24487
11954
21895
48825
14608
32655
15118
38947
5955
37720
21376
14090
46708
12427
12299
1499
26667
20694
34795
35078
29309
473
26542
47015
3161
43257
15667
33923
27303
30384
33768
1771
8670
5643
16928
23259
38278
32026
28538
44214
36078
16246
8284
32766
28653
36915
597
5301
7590
35372
6711
3231
2178
33234
227
5319
42823
32226
5574
20107
12591
39323
38210
37593
11298
21470
10832
49557
19828
5702
10103
5886
21929
34719
38632
16914
21615
5561
22195
45537
40914
45239
48748
9424
28453
15307
14723
21256
47514
20278
7695
26437
25933
12237
14010
37211
33687
41175
3100
3495
46857
29535
9361
35118
14235
14325
2013
2182
19867
40540
47699
27113
2111
12779
36517
30544
28067
17572
1781
41913
4182
25808
18330
46447
38026
32320
33639
38045
39827
3071
41521
3017
32587
17214
38115
13154
47872
6460
15316
34071
13333
29347
27516
15424
8458
30365
12301
2857
47917
30414
44750
18432
6202
13060
14859
10560
11713
48478
48586
1520
17882
40087
4517
16801
23633
8965
29935
21485
15405
11583
21888
45070
40910
49384
26827
15700
29729
39108
18538
27627
19502
13268
46039
42036
26309
10878
2577
38002
25689
1143
5854
9903
7562
10352
26684
47527
19297
22951
18993
1034
34514
40861
46085
41756
40226
39244
7436
19935
28332
25954
13894
14166
5555
26265
22534
31844
3476
25091
36178
45497
42566
42012
5380
108
18696
32044
47616
37973
4975
32941
5340
5821
40134
17757
47557
46692
6981
4973
32960
1645
47260
46834
32143
2795
39432
4657
971
42888
29729
3481
38365
22275
11825
10077
38716
30502
8453
2664
34807
29760
35585
40127
35561
42051
24216
33098
38724
31177
4403
21664
49154
17995
34830
31277
37122
24242
35915
4425
33462
31976
24238
38159
20583
36044
48216
25631
32878
6649
28275
34017
36389
30192
24125
38282
22224
14673
37712
27280
45831
42096
48924
11317
26423
86
42575
29878
40661
44822
34283
24103
43130
8502
28595
30045
10878
26791
5657
43736
49773
264
27733
36142
30437
18190
40757
18993
49196
28449
46253
11359
36877
11509
22656
13281
27927
31563
9491
18568
42717
43754
9004
35827
18588
37579
15853
45798
30702
37842
5866
30455
38086
33580
32930
18503
18102
23667
3828
17278
2096
61
28617
5306
27902
17606
18567
5810
49149
44390
40710
41847
38124
49694
44006
23045
3605
9839
18823
34288
47661
24670
31075
35728
24582
30337
20563
9016
3984
24372
42627
22413
40765
37576
44051
18648
5162
28950
24438
4292
23320
15128
12471
27776
31155
6457
801
1092
32629
35957
1712
46622
26959
32768
48682
1521
13085
19226
26869
33402
9930
19476
22147
675
7033
32530
35655
28527
11460
26425
49151
34760
41534
11602
12516
39021
34392
29650
40093
33353
15587
41786
29955
42526
40886
44970
10379
20303
30528
37228
20037
40438
23037
8516
7445
46402
41026
43081
24909
2466
19486
24041
37206
27352
1975
16055
32705
2699
45685
22779
36032
11252
30897
32320
20110
21763
27270
30469
8398
7778
34029
28416
14548
7046
36912
21973
19780
27919
15034
44670
46717
853
35043
256
44537
36998
16291
27223
6030
11956
49982
42042
39540
47211
24342
25982
35306
1592
6431
43684
25702
6792
38432
40230
30171
41677
12184
49931
35928
43550
44581
32625
10735
45956
32861
5253
49287
15484
32456
5297
27420
48770
47319
33292
45961
21642
9254
31247
39566
32017
41263
31601
38790
29676
21811
35293
21333
327
35204
7241
43858
46118
6198
20925
42054
39040
26158
41321
4504
8594
46598
48257
7344
10250
47881
19637
48224
7116
864
37770
5465
8460
19351
44235
38116
7495
29508
25781
7802
31045
49354
17992
27143
5532
38898
35529
10904
15036
43183
31741
23611
39761
29978
47287
49991
27839
16905
48195
1287
34101
2298
6733
42541
37981
17300
46989
45456
13141
39102
19591
44166
38436
37563
37641
10301
26441
39502
37537
41458
32665
19258
31401
22407
15568
28668
38730
9740
11905
3258
11007
45987
21888
34072
4860
26201
1353
1830
37990
30826
7264
7561
41324
45681
45104
28945
22314
37878
18427
9831
29316
17425
29070
27049
6164
10970
22049
44874
20690
33935
14464
48030
46254
2684
32082
1094
28866
49767
19256
33188
46925
26501
40729
38229
38514
2165
33506
10808
40023
18266
36971
35671
35671
16021
12700
41815
43324
1082
3021
13994
34997
17466
12004
31231
36482
10419
48657
15328
26518
17894
48496
23424
44375
5557
11633
49221
7703
11472
10009
14058
29718
46960
16062
15369
29314
28742
7164
22618
46156
26517
36592
31133
43963
14929
28696
46778
41680
27334
12086
18178
11560
26915
7934
22267
48804
35900
21468
6487
47352
47809
36878
27050
44749
2920
8751
40395
47994
15895
12993
44131
8744
15918
41596
2688
47179
20273
15798
5191
13939
27864
39701
41831
21111
47616
30430
19896
33496
1878
42715
47180
16019
45925
40562
27100
48825
49293
17476
13152
31520
46801
23615
40244
29051
15191
9264
26210
1796
25042
31381
32067
2887
37415
40230
40330
35011
20640
26558
34839
38850
19254
48351
4849
15159
38893
31930
30317
38166
49386
43449
19666
12519
17044
9890
41551
48567
19135
34093
16696
44157
31807
48743
13376
19202
38954
20039
4193
25926
46577
5364
14757
15811
3695
19586
47303
42568
17848
27600
30714
17214
37381
16712
46066
20757
26582
37597
35656
12049
21670
2332
22539
3457
17408
35895
22639
6342
22266
43164
32248
18824
48508
13337
967
18535
49256
48250
11083
17084
42182
8129
631
45895
41173
46677
32984
17736
34254
18621
46117
22256
20933
18636
25694
38321
20864
14665
10995
43110
7810
9576
28266
22650
22893
29214
41166
22129
43796
18581
5546
35959
26691
6157
48186
34196
2814
31151
1912
3400
49752
14362
25636
37017
49330
17662
41671
20174
32308
2646
29617
6450
28554
24215
29080
17780
3409
20226
6241
13538
5140
11767
15829
48163
17904
13995
32339
37050
45126
584
40430
11210
14926
32399
14560
14236
41
6211
743
48681
25189
46692
5111
3724
20887
524
21484
40629
37082
27705
4147
42202
39453
19956
40345
23689
283
22665
10720
45390
23229
17482
22932
4487
16213
37472
35055
16235
10015
2130
31248
35185
48802
2692
38889
36022
3196
26705
26631
40258
20742
47110
32441
26527
33398
39118
197
33661
28115
27249
29031
17676
11063
18296
22143
27257
22100
7179
43472
32096
9289
41052
17261
24424
43724
22482
10426
46900
15519
3389
3491
36241
16831
2264
12749
209
41362
29278
33850
19458
22859
29214
37114
33902
47490
25590
11139
35922
49101
20943
17998
24722
11976
35239
49126
5680
24053
25884
18913
39552
45605
22384
42126
28768
24628
21207
28957
15970
465
12788
1760
39656
8334
5207
23538
22156
47129
34658
8058
46210
5581
26037
37264
17537
27608
2723
39550
1642
44939
8443
7526
40525
30807
15984
19273
21767
37171
14563
37717
3968
43683
5810
43604
1997
27349
17123
40485
24458
18113
48523
20648
23674
40892
7892
7544
18481
26947
47074
36455
21867
21849
10313
12372
18988
26278
47977
40735
13429
12520
44784
33730
6183
16926
27314
24512
44255
10769
14977
18693
28862
29833
5673
18869
20705
29898
42745
39166
6825
6151
41953
28672
27980
2247
41024
46948
28505
5334
4015
8266
34186
15131
41976
6702
32038
35623
31194
26273
46372
12504
44947
41567
42317
600
10416
13002
30478
3141
18501
37284
9272
10434
15936
3584
29013
23293
16864
7498
44959
20859
32097
29125
35970
40405
35807
34340
26008
33334
10594
22361
12170
21873
13908
4467
22453
40656
33801
19264
43777
2282
22880
19381
12697
5148
22945
8042
44773
39789
31873
39712
26980
13950
35170
12930
4335
37309
13603
30324
20623
24177
19017
32773
46030
49257
3572
34815
39893
37354
4059
50002
39616
43271
19363
18645
14752
42288
26668
9505
48409
24873
15550
25369
38803
700
4631
9470
37989
18214
6126
24945
42371
25123
24050
4733
24360
27603
39529
30585
31289
9920
30567
37237
3172
49910
5863
17904
8530
48863
43741
6919
23716
9271
32268
28851
26303
36880
38301
30625
5074
44408
5550
13778
35863
45932
18491
26556
39867
8000
7121
21136
17901
37669
8354
37405
37559
30549
21641
46070
45744
15362
2969
19440
40966
1570
14623
17249
38430
2904
47854
9836
13644
19736
23594
49488
32001
42066
42376
21848
46
49477
9317
34279
37126
17651
38016
41018
14532
9637
3420
10256
41332
22721
46028
48630
24271
10631
15859
12681
29867
30046
22498
9844
16114
46072
25664
48095
4470
18020
36276
4497
17477
45573
5108
20936
29556
43105
11934
44068
19074
15334
20656
26738
38035
16664
25348
28639
43627
7540
41300
39826
37566
30130
49650
20012
42535
25294
34440
46985
9646
37048
17814
27104
32601
22903
14372
28489
15988
42638
38889
1394
7952
9525
28113
12319
42521
3441
7290
36128
10961
48571
25934
14859
45033
41917
1204
37548
17191
35624
866
43170
22652
18660
36606
21585
41543
958
54
23863
43576
5275
41590
17860
14780
19683
46511
7281
23104
3782
9741
398
18685
35655
15237
13698
43904
32773
17579
11076
18377
18425
20578
7361
3417
7164
28926
11293
8102
45312
1488
1658
567
43058
19498
31679
12721
32341
38940
2158
36103
48661
18888
4768
649
457
34799
44533
33211
18710
21941
1568
37115
42499
25262
6864
49643
4168
18137
24077
15813
19606
25715
32712
28996
11545
14372
41698
10219
19644
10188
46302
34638
29056
17403
35267
29493
2182
46132
12684
20872
34406
30585
24319
43237
5827
31163
9213
26327
15633
33270
42120
1571
25318
24813
30547
3195
5517
38577
13394
25141
48745
26029
9759
44133
43412
11358
23607
11926
7471
2623
32778
8209
33188
23429
1426
38995
20924
10619
15303
2889
43870
23755
4440
35520
14900
1320
38695
20397
39877
18422
45519
38603
44431
5258
32716
37823
16597
22655
49729
40400
25259
48839
48589
8427
22248
16347
13755
9504
26947
45390
12374
37149
19125
16794
39001
34006
18094
27676
20735
24304
46078
16234
12887
6841
37825
11935
44644
20754
923
10705
27486
26162
9524
42407
921
48104
8734
31008
7589
2013
26378
19943
5494
45484
3069
44475
45822
37496
38484
32889
11780
894
49104
40999
7716
3261
19266
18692
40347
20169
29378
17813
12663
5234
26552
29917
3319
1618
10905
27240
3612
37264
47163
25438
49080
16564
36246
11234
4040
41062
44103
15800
41936
9539
6779
15984
29132
42378
1009
19459
12527
46719
3604
41523
1933
30136
21420
21584
31735
32305
48804
1679
35901
12299
43449
34961
28844
29675
12527
49216
37069
6611
31349
28986
16130
38108
11302
11595
30466
28643
31034
9326
25342
971
829
27256
47439
22229
48820
45506
20866
47605
47165
6748
26236
6947
8041
5060
2954
20549
20609
40004
27140
1938
35322
9602
6378
46604
21177
3177
25228
18544
12483
550
19495
29644
44138
33266
18205
42939
28753
39051
6876
25898
12131
33092
49177
20153
4485
2112
40682
25074
42096
34154
26992
27398
10088
33350
40334
31246
36507
15542
16122
15322
32425
1949
44946
26543
35195
13131
35814
13928
18515
9022
6159
30626
8447
5316
759
12912
7408
7773
4318
15836
8259
31290
43214
18328
30972
33529
15906
33812
15403
32008
49114
47808
289
44041
40684
35464
23504
42830
15725
41999
1833
38216
38958
10260
9864
6049
39504
17253
13803
43802
49421
22042
41424
42616
6702
22376
26125
22588
6168
7860
4576
21615
22001
21197
15636
12665
22994
5472
21827
38699
13804
39992
43247
2742
16584
3091
8771
6068
20324
38906
16202
36078
27281
7606
28674
33963
46315
21131
6532
18815
28971
27440
40410
952
48618
22378
29949
21592
27831
18109
26623
41615
8081
19850
10689
40998
22921
35792
13398
9578
41031
29581
45636
18292
3519
40642
18587
16166
11753
25099
34962
7056
18872
25352
24341
33822
47711
4270
5394
41874
38711
48349
49821
46773
34531
10490
4103
7432
12614
17481
33342
3625
13394
45310
21897
16894
35932
40465
49392
14017
31896
34334
21054
748
26019
45375
34550
40062
15977
6276
31916
4669
20957
31717
17774
5468
8539
21857
29233
21133
5670
12555
24739
19045
24198
12968
2271
10110
19765
1643
24108
1642
2310
11494
18722
28309
23201
3253
18351
39158
25861
247
10159
46799
48296
44265
2247
23167
32454
47812
44280
38105
10348
35351
7130
34526
48300
9381
10968
18045
27356
1408
36019
29646
12882
4722
7935
2415
7955
42618
7906
148
42845
18045
46927
7473
28643
15507
30620
11077
13299
41233
49162
39979
26564
6272
40837
41196
31985
1786
25574
25674
19526
11573
5300
48741
16275
13216
1136
40562
22166
9022
40691
14992
43400
3950
38797
38375
35789
35750
49432
49069
26963
48575
5380
3507
21179
46198
11036
19497
14316
36590
45151
33822
48143
16783
48895
14399
46331
50012
21293
18478
25366
11964
49802
35098
32247
38579
23453
18016
24309
39218
33417
17604
37773
38778
37444
25284
1308
48460
11113
15604
35030
22596
15758
33153
39360
14634
13884
35671
30978
35158
4129
22676
13454
3911
7755
45681
42471
47540
13678
33112
36738
13427
697
40843
2185
38121
32460
3473
36561
43553
35409
37923
16130
1148
37408
5470
32114
1273
41121
29424
2763
11583
2080
16197
15474
26167
28211
24277
23688
8221
7370
26758
21628
24399
33934
23794
12500
16374
43599
15393
26259
28989
3296
8721
46469
40684
14171
28563
8289
21625
7967
11032
33188
26379
43562
14994
2527
21753
39252
42547
29954
46602
19285
1562
20981
3199
41688
49813
19553
35268
15186
12145
30589
34814
20846
27038
25478
1350
21933
33748
22955
29880
11112
22475
22591
4654
3801
25098
26387
43033
17625
22673
5967
3243
40568
26928
6422
32236
43073
42308
33836
8239
4433
14405
43033
25259
41423
34844
26589
13336
34924
15876
9548
46016
4683
32120
651
8465
23550
27018
1478
7508
49672
7426
10731
40220
686
17133
38788
10092
25773
22605
18311
46538
3342
27677
21778
44746
28853
14699
24414
13757
46908
295
9753
1571
48747
26736
26368
38629
20087
44179
46117
19739
17937
6828
26291
34955
40294
31411
45027
16047
20348
29671
12566
23671
23680
676
34749
2513
31707
25495
32602
28595
25770
8687
46499
40849
35404
39199
29459
5471
33358
25556
41542
1275
48717
34165
36211
38991
15556
47570
21370
2237
27221
268
25888
881
17276
26969
19726
48964
2444
2308
43891
44547
27328
6722
1728
12712
45902
31167
34515
29240
23056
42389
46848
21753
26534
49391
27076
8422
46941
14778
10639
24143
31379
2859
41356
48635
46160
27415
13931
48585
29703
24155
9464
23363
30857
11172
2407
26739
8672
36902
22312
31708
29271
19140
19793
22137
18511
46849
30540
31784
27959
7511
22259
9318
26703
13596
24286
22843
40991
4549
37760
37026
28684
47204
10370
25874
24709
12757
18945
33361
15992
41237
15049
11595
26709
34822
33713
11552
48003
14233
43317
42294
38076
15556
1593
14759
29132
42211
37583
36455
13092
25323
39814
8109
38860
16516
33963
13549
45605
2888
46890
11577
10458
28271
23153
37147
29425
23198
15032
43760
37411
8329
36034
41819
23865
3959
6559
19330
12502
44122
22117
25575
35777
11911
33664
24617
28407
17607
4498
23993
36827
17720
1902
13617
45971
41387
17097
41728
14565
32109
35468
18308
6770
37835
10108
46967
41774
16647
32629
4257
27101
4727
46164
29210
32970
29808
20160
27710
13747
24638
1683
16906
8691
19917
30504
4642
11285
13933
12703
25830
46022
14503
44119
2772
2318
20559
16071
10425
3538
48681
31014
46971
19740
27158
26161
2690
6946
46301
30380
37025
37272
48395
3911
45943
18293
34395
16917
45910
14660
45952
21720
10662
10436
32171
29766
29086
2710
12170
5843
6228
10831
36837
3179
30551
30327
45673
33221
37253
8306
29934
24258
11910
44661
44502
7833
12934
45229
41083
8824
9870
37015
46877
36864
13783
45380
16611
9202
48071
28761
15025
20631
5924
18195
40143
36455
48502
2148
36008
2088
10434
32274
42678
38677
26916
37160
12842
6182
32370
3905
14987
42220
7253
28196
29064
37368
23556
12007
46550
37959
7100
27908
24923
29356
46083
31398
15791
10917
33526
18132
12985
10292
386
5644
48949
27282
9136
28124
33445
41486
48361
14764
38
21946
9292
45435
9295
49180
23774
22177
37120
47207
16417
28375
26543
12480
9753
8667
23378
9611
26779
2695
36235
43497
24671
1517
37112
33788
29621
36889
25254
27962
17985
41625
49889
27257
3392
25516
26417
27146
47673
29869
24333
14071
8224
17209
42883
34309
25856
32593
43900
18967
35269
30116
28796
9920
47965
15888
10040
27566
19109
35275
5508
37074
43232
21729
14311
46604
47225
7061
40082
11231
3262
30748
25282
11467
47937
34497
12108
40125
17071
22341
25424
18672
18789
4200
44924
16734
36421
4945
44280
5510
6552
16120
42565
16116
4182
23208
12700
1387
30249
2762
12598
33492
49842
4212
11291
47759
5042
39731
4216
22093
12052
29620
7097
30821
153
18353
47535
36554
39630
8147
42044
46162
40600
941
12258
44762
24130
41290
46129
20711
10385
25060
20535
10207
45604
48158
24299
626
37870
44847
39051
16254
24448
46128
47056
40933
30814
10923
27467
20424
19051
35843
32919
9631
3117
11509
20725
27227
2780
33186
14270
29497
8226
1138
6036
20163
49276
46667
20769
3478
41495
9801
19713
32275
22261
33101
23188
19407
44004
16987
39812
13035
19162
22711
38998
22259
34200
9703
15818
3312
42870
30069
49141
17428
47539
5158
3923
46795
18157
24673
16606
9632
806
2651
8239
39399
35732
47759
8787
29716
14726
14931
9084
33869
37622
14414
6108
38154
24098
38259
41447
33300
18308
40568
17060
15827
12058
20964
28954
30196
11969
11892
39808
29107
14523
14380
18486
235
12119
43605
46284
26826
8516
5348
27027
12470
19742
49467
605
10172
37706
42032
9804
22346
48932
26845
4505
10971
14141
49792
41147
42442
11664
47287
21529
42520
11647
6347
42735
23747
16285
38999
553
24781
10679
43912
3584
30402
43359
4169
6906
47398
12533
16691
19724
11445
9868
24210
22396
40341
23982
29875
32763
35626
27143
4272
44478
38770
26951
37194
28849
43216
42525
45734
34330
19537
39626
37894
49919
49318
42043
6805
46696
4556
39828
16400
32333
49676
40590
21062
39997
30904
917
22740
32863
44392
43344
27321
33143
36628
30847
11972
29824
39705
7687
14134
9222
13645
18360
25473
12943
26735
48610
9619
47623
38419
26000
29937
4427
32922
979
44405
13807
18228
33477
46650
12601
43154
40303
12076
29762
21131
24028
25918
10816
48047
6385
20018
11673
24725
45471
40948
1441
10413
548
49044
48812
42880
45313
3220
25782
46272
13957
5921
30833
47414
18903
43414
40548
9187
5470
36642
46650
45830
12541
7446
43858
18906
43796
21863
43611
5599
12791
11384
15992
13319
26761
31137
22531
22054
34337
48294
18307
48274
20547
49120
12020
39431
8866
18901
14950
14316
5523
11580
10126
34396
19006
20316
3282
29134
42159
13226
34713
21283
40942
17037
934
17683
48154
23446
39718
48823
38072
24357
47077
8599
23457
25430
48010
32303
44311
29292
12951
16166
40852
39409
543
26190
9706
20157
5304
18197
33363
6349
5812
24286
23367
6727
8301
37853
46505
47999
36657
34557
22336
66
43136
12125
25476
7479
10760
19767
36751
23691
2266
43936
13081
2789
20106
39119
22926
25391
7296
22622
31720
13089
13240
21419
36148
21521
9253
32633
19501
45890
17170
8169
45936
26638
20275
37745
449
31015
23844
3533
21039
26090
47449
452
28859
33887
39551
1766
9258
46827
40720
7311
26248
3940
45062
12376
25441
4295
11341
11274
16517
44843
19424
28786
37814
6031
16511
4595
37026
40335
24460
24397
16406
38241
24829
11597
22109
14360
29695
47699
27520
20395
4990
20100
40667
33
48809
32441
20660
10130
43695
3510
4954
29451
32276
42748
35462
15119
13675
38821
21786
38116
13198
4524
26337
4360
16102
48426
18700
12129
46106
12552
32505
17428
32633
39504
17441
31422
21925
4434
41532
31953
7924
12818
11384
6532
21898
13179
37983
35554
18332
9749
23650
47862
30606
49967
2202
46688
48374
37235
25149
10812
49767
23986
28220
32380
13471
11994
13782
35376
16408
21647
17309
40664
34445
45026
47176
6324
24537
1491
8210
42849
11220
31840
40691
41806
48139
9226
4826
12845
46441
29956
23637
12540
3922
1838
44901
33725
30164
25015
19082
46552
46642
2723
3548
47420
47729
17056
20076
22246
18527
28266
31427
46079
10086
38451
37866
8205
47657
9024
37383
10430
5312
11000
22950
9215
29170
17831
9272
9314
9179
28334
22198
5801
47390
25726
3201
11451
9114
23257
33678
27621
17855
31437
23681
27921
19868
27879
2459
17505
36883
39822
44267
42176
17154
17198
17723
46305
1361
26975
5599
10520
21642
44130
32654
35364
19836
2187
46795
45283
41777
30453
22884
9612
28223
12897
3866
48071
40756
22657
31909
27620
28811
26156
36128
45945
9686
20183
42230
11028
47138
14162
37880
35112
24624
20514
20456
10792
39034
17232
6055
30791
14017
28920
6735
42220
41797
10581
40272
48886
33218
38513
42838
12009
14649
28946
24287
40668
49109
32849
18028
12579
13343
5888
14024
37947
42735
34460
48720
31749
18024
4755
28872
32022
50007
35587
40574
8137
12501
47178
7003
12051
35671
49821
40393
16653
45099
14660
7301
10540
13841
25309
23099
27165
47529
37103
15092
40244
37896
30144
38325
5900
1232
33529
4254
1219
35449
11161
25688
14282
8319
49023
26313
10323
48824
33038
43308
10255
47678
16941
20775
11500
8582
43855
4997
6091
47290
20069
12668
35166
16546
17325
7399
17758
835
11633
35309
2616
22774
10978
16878
47426
9981
43171
24081
25138
42542
17369
35373
40200
34290
22481
18032
42852
32668
23009
15275
29938
9411
44275
31437
25937
11581
38816
43675
28748
16781
28964
47696
5888
6274
14554
3294
32588
24057
27355
7706
16579
11056
9411
23112
45326
48224
7476
4510
30872
30466
36117
10791
6209
30373
42208
32126
8286
47356
42133
3366
14117
37429
17394
19985
43684
31928
23259
42604
22317
16946
16642
5229
27982
26033
28321
39640
40590
35777
10482
21442
32575
12932
48565
5116
9637
40753
3574
34255
4441
45687
3953
18539
33097
21327
38504
43113
19587
28096
2049
41884
11374
18671
47093
5689
44684
41746
11661
1606
43856
22124
23029
42763
1388
21574
47860
11005
28660
1414
45240
33081
13434
49173
1600
12863
20480
