7452
394
35261
163
6489
34228
7406
4084
25417
27042
5984
5737
7913
1480
43191
28611
36851
36403
18818
19239
16417
24231
47233
21672
16654
25765
22657
45475
48413
45241
15245
22197
45616
486
22340
18437
34695
46078
22502
10092
23101
28466
32161
30994
46278
25333
25937
33109
28068
44735
2328
44465
18946
49541
32470
1932
41639
21459
13739
40032
33033
28964
28561
44981
29431
882
13398
30458
46940
2232
6882
20021
30678
39023
17347
43289
30688
43264
26378
8737
4331
45039
19534
39610
10912
1984
7874
2531
23424
21594
8895
22789
538
37437
17750
46301
38299
47480
26739
1571
49693
33601
21573
46703
38957
5252
39972
19625
14849
32683
28342
19160
27702
47857
25102
38594
16173
32957
7458
5929
20883
16333
28698
21401
20102
46428
34035
8381
43889
10754
26285
9914
10688
47838
6597
49625
3070
46550
19230
17899
45565
13905
3392
39599
11742
44826
28173
27895
27763
1963
157
14978
18277
28835
36360
38359
41596
36727
13073
35465
47461
39338
45359
24481
3508
18288
40438
22910
31170
26001
7142
26715
39886
26866
16294
17960
21672
10800
12187
15768
12743
12324
30726
47352
41140
33418
2044
32716
20125
31449
34513
33919
37119
46204
8380
40607
14472
15151
29849
45623
41132
36971
38670
47350
13817
21297
15290
1822
32077
27457
17570
11152
6114
48276
24837
47234
31675
26861
46282
18132
24642
30775
2031
11741
43311
26744
18680
24115
41875
48509
36070
49339
1813
24721
46669
31962
45998
28291
33764
44407
22080
1314
5539
28174
15923
46708
41740
13930
23549
38002
32042
14523
35109
406
26244
28400
27130
44904
18848
35337
9746
4898
1008
11539
29599
47657
43481
41929
42280
43578
36316
14340
11224
8188
42495
27127
21228
34215
7389
11110
38550
5764
25613
23639
22502
1838
18372
15964
13074
37200
1281
22800
42078
2269
671
38010
16258
44133
46271
8518
4043
48920
22838
15247
23440
31665
8707
44648
15861
32428
5738
20743
38172
31332
44362
10654
49502
29066
26598
12556
32598
44211
1689
41009
12812
2340
45351
45402
12805
41602
20252
16828
40502
9423
48408
13922
41068
7095
8551
23261
39503
30621
43984
44008
11933
4679
20994
11415
77
13925
40304
32656
24468
41973
23645
37261
44293
18976
48995
23431
26910
19228
6591
17393
28631
4979
47647
36031
28406
22530
9273
34242
3132
19589
28230
15045
24248
15556
42793
40658
29461
33077
23294
3910
25030
13271
7503
35655
48579
6478
25418
25469
42038
31990
9194
20649
36949
6822
23013
31688
45684
32266
15910
48796
18187
44120
30174
8768
26008
39299
49406
5450
22356
22680
25692
13718
2283
33175
15705
17194
5985
41104
42643
48004
39426
18170
34985
42707
41324
7978
24375
36988
6576
40265
2117
24744
717
32271
33492
26706
21550
32878
48488
10238
21890
24160
40288
40505
23667
5973
7679
29632
13409
16654
43968
2815
34804
28934
45503
26108
3244
36210
29429
9801
26456
31526
877
43505
30129
34349
36543
18011
33559
35011
44581
21781
25503
34849
12266
15502
40802
19925
11467
4192
36559
5415
23339
37696
681
18822
13784
20258
21365
9545
46391
14153
41051
47248
7638
37512
31577
10514
21855
31468
11857
16416
3229
37341
1245
15475
19175
42028
1732
30622
12552
4623
2370
35871
42299
3031
21026
22416
39621
42371
31941
35992
6504
39325
33220
14122
26817
31129
40968
15005
12577
2806
31401
15786
6479
32627
47593
25634
24635
15657
6237
37167
20261
8587
39370
12540
27950
10376
34936
17552
2727
16858
3524
9211
22515
3077
39666
15664
34186
30614
30649
46744
49752
12031
28862
6211
44638
42788
31826
35605
8425
4395
39104
28666
29314
28454
7539
23596
38811
42455
41128
41518
25645
10985
17062
48140
14042
6708
13785
14560
3654
44414
27636
3387
22777
6479
25930
17395
15599
24088
2980
24004
28463
42064
19003
24109
36851
26522
47686
25642
35309
5146
33492
10935
32463
534
9055
46485
23574
39172
27378
27209
49919
4994
46928
22676
11453
22838
6404
43384
46907
9364
33721
41702
17761
2704
15792
4592
45558
29810
46566
30847
34936
30038
41762
17380
30553
17150
30197
20459
22654
7555
47648
22553
12530
10908
11562
40315
79
17946
32
13318
43642
33733
21352
27735
36417
37124
32307
31955
16914
45205
12782
18183
25224
20877
35543
22109
38007
32072
42548
10641
5960
6529
49527
34822
33769
11069
41469
33828
28995
41481
47126
22617
25194
18459
16685
11591
21915
48972
9878
5162
10510
38993
39677
2066
26202
25200
24155
14189
23604
33035
41162
29544
5896
7021
14346
39646
18070
5796
23454
13397
47257
36913
2347
38784
21704
19012
16707
43599
34316
26566
15093
44806
31891
4750
46852
8073
46282
37339
38594
19867
36707
46088
15743
42583
3090
46422
32209
37492
2198
5644
870
15787
8889
19549
4551
30573
38541
37591
24152
39189
14137
5578
33976
12360
10308
47160
36765
6571
832
25339
42770
37519
37759
8493
30082
40829
4895
28624
44654
23425
600
11856
5545
9469
31385
26428
40022
19906
13999
30506
9075
44468
36064
9383
6808
12705
22876
43553
19256
23688
35224
28358
27539
22964
3183
23953
30125
24411
2557
24759
47816
3137
36595
19693
12586
17960
46102
18940
4198
10081
49427
29606
4530
1823
5321
11318
14508
44529
21204
96
18197
22760
28434
12068
45704
47950
36002
42162
22341
38539
16901
36489
8009
19829
6163
20575
4121
2245
39496
24652
12306
5255
4238
33168
7058
25891
10819
21547
20401
32003
21623
4930
21095
16390
16979
16780
30672
19313
8922
2993
24184
42155
39462
32173
28316
11957
19081
32418
14182
8557
7050
42821
13792
27620
25969
37182
3491
3120
8709
40224
1455
46665
11487
22531
29387
44798
5643
10039
14091
30897
29364
38255
23032
18806
36761
1329
30744
5822
79
11258
14359
7109
20411
44483
34709
12713
31645
4532
15813
6687
11089
17249
19684
22556
6112
15403
17334
11735
25422
47757
42612
21118
35992
31976
39904
22733
33285
36980
28535
33344
14571
9226
6785
34962
20041
7826
47655
18019
28691
13449
41038
39760
47030
10702
28648
3122
26085
45962
14837
17839
43699
23781
38937
46023
5737
45173
35089
5355
48486
29956
38679
13037
5515
11797
47979
25536
19603
45615
9887
48274
25396
905
4366
22406
11587
32994
41860
4004
45288
23029
21823
38967
46790
27092
1323
18859
38598
36392
24194
37064
32680
12854
81
38175
40983
48040
30044
10566
9987
39911
25173
1715
40797
29519
40453
2364
12494
32293
22701
7762
21654
10856
13062
34776
37929
30717
3616
26507
17089
27790
29903
16101
6976
29964
4257
47939
44336
34281
24838
20656
24172
49991
22351
14949
29490
12785
33646
41964
11410
6327
16059
33045
17163
45453
17801
21424
26150
21397
14263
9571
15520
44146
25652
22476
40442
29889
36748
34759
30502
11566
5395
21007
11537
44078
35936
41007
6843
35914
49304
34586
8573
31695
17611
25717
27128
1744
13473
3258
39474
27717
12809
4974
38195
4793
27430
28618
34663
30510
13357
31497
42056
35084
2484
3573
45494
4753
44561
2318
40647
10197
36884
49201
41872
20827
41250
18980
22551
21055
38570
12005
48752
17711
33311
3280
22484
27074
31878
23479
7564
11567
4957
49601
12983
7421
3154
8457
12154
14047
27107
19134
24224
13971
34667
32428
1130
42249
17740
23662
13284
6290
1999
28369
40333
35291
31629
12798
12345
13487
36257
19889
41386
7546
35822
4349
31300
38957
12786
43434
19336
39874
28900
9893
20177
13547
42301
21288
5776
10022
11282
35393
32644
29613
13742
39310
14884
45351
2088
43561
8818
4677
29783
16536
28556
15585
20865
9836
20874
49983
19602
40191
6189
48483
64
26347
28362
8697
13967
471
18699
41581
35844
17676
21174
49566
6966
2391
44897
25386
12284
20047
46395
42047
36563
41283
23965
23760
1099
44819
23723
20682
34990
29893
35497
1386
22572
30191
10064
2871
30642
45095
44432
32818
12751
31938
32364
36049
34309
43593
27767
46574
29972
40495
4953
32867
31758
28898
22959
32838
23698
46663
19852
25020
42888
5329
26387
31792
1852
36431
34643
32475
47858
29055
15273
10590
27325
13970
12971
11615
23895
7071
24521
20200
47546
29454
3047
45636
24685
25987
44806
14715
38982
14638
39715
48202
36299
16082
29974
38132
18845
14597
36939
16684
9984
18544
43606
37289
32494
22909
15236
6370
46312
39737
26550
43838
35524
45929
5807
26541
38248
593
41236
43562
31564
30931
41744
17843
13346
21698
22307
48523
2627
25578
31539
12591
44103
25125
16213
26577
14367
31429
49279
10659
37499
42161
20830
39355
4423
26617
15876
42651
43542
23444
36194
25086
4355
27918
9262
34033
15949
47901
32537
34908
23460
14056
13832
17543
5514
30025
44100
36213
27786
9712
13204
15265
1853
34014
20952
22608
26963
3160
15240
36838
26584
17766
11904
30920
12016
37498
14933
27945
35380
13802
12834
8820
44191
42998
42695
49685
23003
3127
2230
769
12819
15414
32367
31005
49409
3299
3593
42704
6440
35165
29522
33004
2911
7759
30256
14908
11589
11522
9185
46949
25304
38351
22101
35827
31329
14776
35492
4312
34236
37702
21414
13387
19449
20113
44372
18838
23392
14298
27874
46164
15795
23729
45501
18687
31468
42089
33575
43037
3591
9092
6319
45228
47424
44752
31035
28733
25861
32860
49378
10077
36894
20772
23444
6323
40865
34149
41493
30589
14779
19348
43086
30554
43057
38567
49221
40857
46988
49128
226
560
8201
6525
12120
21957
1258
9487
670
27099
42327
28
3508
29202
37132
26932
1857
44329
11061
43331
24899
42172
12659
17965
22707
22048
22864
38260
12885
19832
3721
29443
36724
11902
35949
48824
191
3539
8292
841
30618
16951
17202
34106
12485
20666
27370
14323
14976
4764
7634
6207
46916
36625
40504
19603
8653
29700
24196
37870
49512
27897
17293
2569
6131
19574
17725
6302
23093
25997
23475
20043
9281
7009
20481
21746
27656
14184
36049
8964
18928
43663
15151
32176
46620
5635
1760
21605
35315
42288
9455
1159
20165
43081
3708
26276
28987
37766
32558
18413
30095
6013
4788
39356
13003
25250
11083
6991
5766
13464
15935
24674
23460
31066
6830
20060
3033
24922
41646
4680
17190
17433
22171
37335
26846
42212
29943
5814
29958
12481
24207
10033
34827
28975
49370
14162
20557
26785
21133
26303
40229
37048
17309
13669
34446
40472
33710
37459
15374
41688
8471
48897
9101
30622
2564
35928
22814
32488
8074
2752
44949
32261
12766
46108
27568
28468
10250
14458
5233
31363
7093
45442
18391
24383
25444
2817
14835
9134
6608
46541
17154
15059
45418
26235
45662
14315
28495
18456
46783
36549
37541
8064
35142
287
4153
12691
28735
14383
27129
300
12079
34202
45722
30450
24917
21146
49600
6084
46612
22540
2606
30098
37580
14356
6314
49574
28651
34789
34362
25414
37671
21883
33459
22793
38502
3944
35464
33569
34659
28925
33849
46718
29460
45904
43501
20709
33382
43081
26774
46327
31953
29360
26405
19513
43696
49051
35419
38680
173
19762
14074
37824
7977
13865
10597
46460
34141
12394
46361
18781
7651
30191
15479
37091
42427
8960
24133
25789
18373
887
38448
307
46579
14834
36152
40255
13865
21552
45267
14018
7646
9322
1822
15603
39519
28752
28395
23641
41126
24737
8754
48757
21260
24213
2181
13667
49506
26294
5788
34211
43513
44217
34498
40072
25383
36983
46659
39228
24867
41907
19579
32493
17561
37733
48076
23412
16465
42804
13385
23923
17521
22119
39013
5113
12665
7526
35112
12151
152
40880
46342
43645
1429
47173
33697
26792
488
30336
32353
25335
38575
18264
7808
6116
5977
22216
45861
38775
15000
9226
29030
48853
31326
18023
3946
43971
41881
5390
22454
42013
12603
35128
35638
14012
32281
35667
7137
49101
32336
5822
24416
20891
24066
32204
43340
46375
20753
39181
1482
2085
48387
30493
919
46045
14848
21197
39996
6710
26568
28782
48703
5503
13891
674
35847
12504
36321
42964
11586
18637
15118
35982
5861
5516
34519
49181
18224
5252
4694
19686
7317
19413
16511
24568
15439
31340
12098
21767
4382
4998
530
3065
10481
30753
20071
46308
43237
6373
39253
21155
41342
20703
23470
47183
26200
7969
12696
10756
29553
17370
30422
3202
36764
46914
27751
18535
44586
39829
40282
48948
44807
7144
18345
5268
37877
38397
1556
47447
44750
7141
18582
36072
44177
42032
49588
36709
16333
12264
47445
45866
29615
27847
49049
32711
41093
43132
1226
35659
32941
7840
939
44080
14965
19265
49328
19174
7642
17216
16601
18724
40690
1516
21128
34847
9880
20696
21536
26194
49293
35313
38392
28888
13140
37421
27931
20566
46885
29137
22557
29806
3309
23477
23866
18254
42722
39526
37409
16696
23075
20342
35400
13745
21838
6508
14924
48051
43537
2792
24225
42810
38085
28949
38030
17557
32703
15941
4455
29568
11410
26993
9355
14699
450
49553
49286
9504
5412
36675
26180
28467
23349
11560
8544
11520
34400
39800
9551
44269
42572
108
37059
46989
29037
25069
14526
11720
7342
18962
7621
35084
45935
33308
16116
12717
32841
15382
22201
4585
18389
14713
49384
41718
42605
24260
3218
26985
14040
29101
21235
22944
29189
24626
19913
24559
16028
34420
2611
23350
19714
10212
24767
31981
43500
40863
44678
42674
22577
33211
13591
40946
47904
12956
48996
6841
37196
18547
33806
17569
47628
21373
40493
43150
45980
10387
17689
28340
44787
20280
18022
30833
30473
42769
12794
40305
33612
23804
32959
22521
23347
46531
13447
21231
25819
28776
28052
12995
47303
28190
30544
11263
15896
21018
20745
28208
47737
38414
6528
42504
25027
24530
39669
5480
33632
2443
12117
17224
42579
11409
39726
15906
7920
19505
3469
71
14613
47853
29398
11896
26023
9923
39492
8251
47273
10217
36439
44990
14964
9299
3826
39971
162
43475
11783
33774
12250
23880
17330
4809
1621
23388
37047
9521
42874
40496
25924
7467
38329
5303
35696
30684
31558
41520
38916
28811
18069
41687
40133
33013
17319
10291
39316
17461
20098
1079
1215
32328
41292
34877
3469
42893
8246
40496
18747
1100
47324
44651
24899
35633
49934
26927
16297
47824
18427
21545
26615
2829
29565
33080
35822
46864
43351
41471
30657
29781
8882
48204
12089
154
33061
31890
9380
41287
38718
44459
8719
36022
5442
49951
21635
21709
26858
4265
19513
11618
42142
12461
14427
38039
45521
16581
1235
5205
8032
31872
34966
16895
46408
13388
33381
29450
45258
9093
37069
309
3532
45769
36311
8955
12052
24279
46996
38890
44876
16489
16840
3350
28930
47599
41370
24432
14161
42585
45969
38525
40790
30915
21752
37178
44283
21466
16608
5874
30539
20010
22515
404
32111
8806
25691
44143
49417
22667
49365
10625
39136
16186
13956
34399
30117
5306
25163
44258
47871
21112
49116
38641
2007
37200
25800
12623
8646
8740
34829
5518
45082
7324
5902
27173
32462
47925
37648
31860
20572
36994
42465
26040
19512
22753
10419
49609
28039
35562
10200
25891
23006
9296
30864
24994
46476
22996
3949
21455
48069
38758
26953
43131
12414
49187
20285
44856
47092
7913
43048
33996
11239
1846
10016
30731
24579
36768
30321
18951
38662
6853
44822
11649
16129
42018
2975
28937
14995
23256
372
13044
11994
27305
22507
40740
26472
42772
1928
23544
17018
11309
7520
44589
29487
33869
25301
4046
36969
21954
39329
25611
28787
34131
3592
11248
42482
6547
40165
7457
29783
40518
36833
8109
34155
9320
15181
10608
18425
17090
484
1775
28379
24337
46344
7846
24538
21625
28224
11487
9911
17534
3430
5030
17997
7003
16258
10459
29882
6404
34248
25998
13254
37413
439
47389
46714
15601
24329
15119
32671
24794
33226
27382
15463
29550
1560
39981
17508
46116
1448
27399
13630
21210
32410
47960
28193
48648
24751
24408
21384
25332
386
34618
12725
805
48340
9419
16386
22649
40870
15389
13775
40428
9103
45570
19959
10643
35531
37447
6740
3311
14826
36702
24502
13568
994
19027
12197
25726
43415
49913
17390
43781
864
30095
10919
49184
5847
43637
38165
13049
25359
18273
3458
34442
13823
23397
11418
15687
10824
34490
18978
41982
37524
9812
5531
38499
45172
34060
30557
38567
305
47927
48681
1149
28002
25932
16665
181
19549
4811
13211
44888
39416
16649
45663
3219
6378
7061
18886
33534
41531
4197
41848
29035
30341
47359
33866
25493
47751
14403
30393
48037
28662
29054
49166
22997
21318
32164
23158
40847
36955
36349
2068
26351
19330
47711
45902
42040
4752
14769
25554
12615
35298
17383
41630
15619
31074
41829
41093
45158
6212
37818
43175
1207
33204
8673
24184
4502
40817
47322
45329
44104
50004
13729
36787
35666
11420
32670
44039
16152
13771
19573
45099
49049
3288
36710
31000
695
44871
38425
45833
1063
26223
5340
2250
9407
30345
42766
13889
21143
40069
25551
31579
6405
39260
18347
8403
17013
997
2422
49497
31100
38328
44577
46481
41596
47619
27461
8623
42470
15867
20788
9865
8422
26108
28448
17810
6434
21194
48031
43909
27595
39914
41820
33980
45507
10147
42364
12500
27476
44766
28329
8556
33074
22886
21369
41003
20485
48811
15958
29287
31010
36727
39133
39412
12815
17561
23554
35581
38735
37918
45822
16311
27812
37623
16623
39651
14102
25319
2131
41559
36418
46793
16447
35824
19659
37797
26807
6477
2940
9098
35744
33930
45805
24857
39674
24952
42398
13209
26866
47466
1107
22668
13757
45251
10271
46712
34883
40706
22012
3346
48597
8410
119
15024
44214
36111
19153
37354
42568
38425
46432
44644
38687
8569
19482
28342
33501
28212
7883
10347
25658
25322
49348
5747
20553
25951
18792
21768
16637
40784
25095
15214
15526
41546
46571
26072
43989
15704
13406
2889
20462
26170
47514
9129
34719
33328
37451
18201
11520
45314
44880
3511
20616
44208
25590
7502
20140
44362
29250
36757
1478
20677
1952
16984
28556
48503
43037
22525
30539
22775
41747
17333
48926
39241
26443
33625
22549
13874
18158
401
25521
29371
20244
12469
23559
45815
36303
43679
40157
31886
46769
7968
18895
15053
24932
47431
29888
34301
36289
26759
7057
28016
44073
5963
33589
20496
5920
22470
702
40411
22851
42555
19762
43076
21357
43301
5223
7640
3313
45360
39506
16414
19660
8382
31447
44573
22145
11315
45206
24766
4406
2243
19114
48459
24538
2683
18935
46791
41485
35970
37182
14317
28505
23276
23725
16194
16557
28928
23815
36202
40620
29653
18948
10261
4367
375
21166
26493
28022
16352
17591
32409
34928
36686
30848
9446
5701
16116
22569
47167
18418
9731
27816
13255
32987
1521
29430
15877
46781
3225
18411
37381
49210
37340
47622
3558
4047
18768
30031
32050
1453
13954
30791
36361
16972
11619
12139
39006
44067
34689
2505
28817
10752
30301
42053
10072
48154
21463
25929
44915
41020
10672
48628
40210
47992
46231
10100
2020
31331
6463
402
49116
20398
31173
35457
37350
9124
13929
26336
3172
48598
28821
31969
25682
25454
40354
35734
39940
28149
11643
34835
19149
22296
33444
25692
36620
46007
35772
4972
43670
42216
5354
42767
28946
36507
44556
16276
45612
8465
8945
48764
23395
4098
47065
49058
29533
3752
34772
19453
31881
12748
20621
17363
1376
20397
9387
4328
32736
11491
9281
26386
20039
14615
19133
48965
1103
30022
31574
46695
38467
40499
11791
28195
44577
25188
43585
40442
28920
44689
9876
27134
7417
46829
44477
25125
17206
3844
29434
49922
15315
5047
42640
35335
19642
28106
632
37077
8108
32186
104
12907
22665
28227
41082
17223
19748
999
7645
15000
45669
33853
42114
19418
30662
2923
44524
14200
6747
40290
30454
38395
45317
23075
40062
31291
1161
40674
34701
9249
22841
1137
38488
45486
29345
45903
29041
15425
46882
3019
30405
42531
3204
22500
11930
33847
41755
6434
14379
48483
13056
44814
3210
24705
17869
43252
22328
19010
33906
7009
44591
23079
8127
49411
18546
3804
45294
13919
19209
42157
33270
49594
34668
36455
38426
46578
36634
30162
19344
993
44977
48732
45787
48167
23417
29988
7751
12078
15330
7989
19067
26253
31049
43526
25645
49575
13662
20919
29826
32851
13056
13077
48778
14057
49512
3536
26967
2478
30
12644
3451
11339
11356
15571
25838
1106
45539
33569
29516
27202
41539
14915
3435
22568
8422
29060
38475
38416
49960
34633
21248
29348
14042
36358
9737
29886
39874
36685
32344
6237
49309
35776
17556
26997
17679
43375
44435
13198
43276
40283
40380
34795
5179
10148
23695
29933
39188
28502
18329
5480
29468
39557
1161
43490
42247
10878
23357
48454
47543
5681
4671
13184
7789
22207
6514
25448
31914
17281
4979
25171
7545
11691
9946
12704
21819
49974
42617
27340
44808
27278
32800
24256
33168
33941
17727
25395
44800
7416
23829
8675
13077
28480
38192
20847
17020
11038
12627
48914
28299
17586
24065
2176
29258
344
14860
17409
16650
23809
44729
11438
1068
27510
2027
34216
27783
36086
25943
38915
43482
49753
13923
22891
44565
2095
43718
11565
13113
22678
10460
41392
40244
857
43549
35834
1181
24741
3224
17811
14883
47933
45582
15931
41775
47589
16479
19539
33655
42402
24786
27117
8487
38689
49988
3033
40764
10039
30930
20209
32697
7722
27934
39273
8560
37815
25088
9721
12536
44644
43865
43751
42557
39427
26014
665
36996
42473
36536
36983
1208
11302
30432
26027
49972
46752
45392
7068
23123
26303
43610
22152
34005
21524
11406
42545
9319
2826
18599
38187
47450
28796
31919
39987
18203
24265
40632
21531
33071
43500
24846
34259
4783
5258
26618
21087
18342
21991
44487
41446
48274
38077
13578
48611
9581
24964
7489
35232
44122
42420
39752
41552
21196
38003
47872
5731
12248
38484
43594
45299
31965
18420
45890
3080
40010
22489
24147
8332
10812
34966
49758
25418
23024
29669
24009
48937
20965
47830
502
15068
40230
40234
6600
27758
28217
4452
33469
6797
9269
43395
2077
7566
11795
14299
10626
18137
3120
1105
26450
13912
36051
42540
39310
25407
38541
29652
24325
9487
43814
41159
24535
377
31373
31115
28115
25922
1900
27917
32699
27501
21292
1108
35047
49420
15388
12005
17537
18488
29442
10319
32381
31825
19192
38023
7213
7713
34007
47870
17180
44154
39009
41695
44511
36714
39143
22606
12616
7375
16855
45295
34856
38128
46384
19883
3880
28104
48220
21397
46572
27642
48049
45285
9447
17221
49641
32992
24914
49980
47194
8427
44114
36183
16454
38605
39229
21929
27544
1825
29284
10731
13453
14120
48839
26169
335
19051
4253
14887
40429
805
42509
4810
12423
18289
22011
12044
17613
13257
28356
14788
21664
22451
17303
4451
27388
6513
26360
21264
8318
5625
31976
21751
36077
47147
47900
2745
16179
18485
17612
22940
19271
26454
27730
31674
44723
16073
10050
12316
29310
38386
27084
17307
27169
10720
21738
4538
17213
48078
25782
25511
20035
7738
13595
6093
21218
27827
8818
37377
46293
42762
10297
31896
19196
38007
29902
13899
20412
6284
42548
16054
44650
35964
49693
38152
46664
21411
42670
13857
35822
34784
5701
22189
8855
35628
44614
30053
29787
19764
17410
26060
12507
44039
24288
31683
48378
4170
11915
18770
10434
4443
34804
21417
6739
34478
9549
3384
22221
18551
33573
24375
3315
5606
46545
28502
41214
7491
24887
20982
27236
8629
13374
39723
2648
37643
37738
1006
41793
49633
36108
18560
20408
20893
39957
43480
21703
15838
46844
43904
34369
46749
34612
4016
2336
47489
32499
43530
4960
23718
30844
32176
32328
44199
38231
34956
31822
25950
2295
39947
41915
38383
8487
28656
25608
48424
22116
47291
14242
35292
7528
14943
32021
42120
18940
34337
39589
17771
44200
10881
41469
25024
43038
23777
35555
47601
25066
17357
23531
43693
23637
31779
32056
32104
10415
7645
46861
48863
4916
27435
34135
28776
42359
32488
20876
27631
33158
26797
45382
43690
37659
3183
18694
30677
43293
20582
44610
18339
4271
18122
12012
27888
16233
10400
9973
42980
34377
23166
41823
5626
581
42290
34382
42920
41110
5239
36883
24248
48368
32245
17918
36007
35409
2945
33016
45034
23507
27607
13353
44110
12061
41697
21979
28274
18429
48284
37586
2787
21430
45741
8393
38343
4363
42755
47596
45453
14326
34459
19682
12675
16685
3932
15014
18426
23209
48011
13440
13048
25598
43125
7139
37639
1154
29098
32245
19563
43714
19811
38682
15124
15532
13407
3447
19875
22495
1023
31660
36801
1815
1322
15808
18480
21587
30803
3238
44776
28794
33010
7805
20724
42467
14924
8343
43601
10354
6920
29496
4048
26711
34511
35504
8575
47898
5283
44782
20373
22639
26422
23507
24434
44077
5647
9246
15644
2782
12464
10400
47908
11806
34537
18612
4253
15793
43287
14186
26127
187
10014
46507
43230
10857
48343
18137
8736
3607
12899
45441
42578
39302
35280
33344
33359
40908
42570
15335
10022
21366
42067
7911
49504
26585
26503
3737
8710
19771
34255
1170
36290
10601
47657
29501
21439
12333
13970
46507
32272
26850
8280
24830
32484
43541
8154
15823
781
17056
47490
10783
38402
39537
18674
37886
32454
45158
7955
41145
31261
8542
42295
33883
19123
6284
29716
40542
18597
43667
3381
849
20497
11642
42011
2961
5163
145
35116
22276
33533
48938
33039
21915
4807
18046
26133
37242
29536
420
44719
10777
8942
3346
10992
28046
25962
40689
34920
44540
34336
4634
11721
21165
16256
3713
40458
37751
20190
41906
10007
3704
40824
9378
41951
45611
27404
34417
49185
6920
34817
43884
34029
10092
13562
45002
4470
39505
2023
39370
377
2691
10336
12078
23836
26572
32123
30626
30655
2294
22512
40642
22330
13316
16353
30613
25259
10089
31362
24425
33342
16160
34641
17351
42584
48184
28685
47034
4021
47040
2736
4378
49711
13053
16436
39879
5957
14892
20485
36593
33518
42977
43567
5828
22625
9900
2773
14217
19970
34116
38622
3292
16608
39595
36975
9172
4111
31993
6186
8112
29013
25254
28822
45057
38287
11591
34916
44225
26463
5382
30798
9961
48339
24345
32121
37297
578
34874
1494
36880
18970
6448
6504
1910
46023
43459
11062
16467
41784
33580
40911
37130
8815
19714
32167
13434
31285
17063
23991
24080
22425
21121
373
37097
11799
32474
24374
12357
17328
42200
15569
2631
48628
22053
4521
10983
31844
31916
27430
23609
31828
34674
10719
6975
4368
9218
36742
1985
26261
10713
42397
15019
31815
42750
2096
43594
25204
42802
22283
8864
1334
37832
27827
49942
26217
48681
27257
8041
46929
21020
47982
28737
5674
25033
35693
10022
34231
38767
28339
10473
49460
20716
41824
47607
29798
43900
7533
4982
3034
29796
30178
4348
33960
7986
20622
10157
22999
47859
18179
19908
18859
32493
14977
24513
7507
17002
867
41718
5749
45538
18523
5190
32586
10327
2777
12364
20559
10291
17326
39925
6419
13837
10605
6712
38155
31207
16849
11134
45399
1360
47374
14238
33834
12331
5084
7673
29314
22283
49371
35043
17802
17875
6565
368
44534
25675
12713
15074
2298
46371
21331
8697
26540
31917
31741
14675
13104
14923
42141
8483
16263
5847
39054
16429
18159
10470
24082
13805
49085
39786
15180
16867
23993
21726
33568
18507
47381
12613
49913
49659
25316
21225
24688
18189
3122
22762
49196
32558
37665
41318
7374
20260
13497
12760
3022
31636
39562
27084
11773
38627
33202
26934
21827
7175
48640
5375
25663
12353
34320
41908
28344
25968
29465
19364
44137
48919
42106
43314
31458
46103
964
5164
16344
14441
17904
19346
12410
7446
12762
24163
46053
45945
1077
17860
19452
16049
39567
45095
44734
40219
3336
39410
16168
32781
25107
26637
31681
33545
19931
29471
29629
37227
34615
45953
1649
18851
31631
14039
26277
10725
4534
38662
6650
21944
22855
26083
4325
28754
37510
49040
18954
7178
4782
1454
39940
29869
28071
37953
13395
14335
17404
43004
1542
1999
5289
3171
20830
3252
33542
13439
13957
4409
18433
36940
26333
41268
29355
30638
20003
33197
46010
5289
40356
17125
6723
46628
46974
1126
34561
26701
15441
18297
36037
33316
36628
7658
2819
23790
10890
36342
37209
41180
7083
5622
44452
33396
13223
23787
30366
33206
23316
26357
4827
30004
43462
11530
26612
6768
28988
27505
33450
44410
45782
35819
44058
32390
43458
46857
6160
20680
49531
9701
11840
6594
31656
6272
39970
44859
46391
20317
44397
19688
13006
49204
49672
22800
27066
42617
29548
6034
20102
29330
16776
32217
15130
10814
30939
24920
7652
3432
45580
7163
13113
7401
30090
11101
30005
20040
5940
42729
6689
16669
12397
36027
15853
28401
8807
42899
37350
4688
15266
23785
350
32022
5982
31812
42817
3253
6712
16801
6665
2273
40296
36111
26006
20366
47192
5991
40387
19465
48700
13408
36114
27429
49416
18300
22163
24555
27531
9493
29223
42777
49610
45906
24780
21924
27698
33929
25158
34391
710
48155
2996
40986
34246
28982
27685
47771
1305
34404
17216
49986
47792
19662
43747
13540
4294
15890
38076
31806
41716
17279
24563
7658
29517
15675
29563
7196
49584
21053
7919
16626
19188
10895
23945
3415
39857
1610
17518
7494
35994
1066
7460
118
20708
17540
13639
41335
49762
1695
23121
7810
35306
14016
15449
14804
46024
44992
21980
11940
16025
46231
28547
1545
7106
18824
4940
13295
36766
22438
20769
22740
39836
44562
22838
10525
12082
2809
1840
11824
4484
41293
35967
39771
21641
1396
20907
17645
12720
9219
29566
45077
5430
24445
46602
12516
43249
17875
25791
29995
6645
12892
19067
46462
7434
8237
23319
19496
11027
41491
47653
15491
32764
33600
21594
4385
1328
42481
38363
14028
1680
17909
25437
23442
42334
22019
35938
35563
39874
28061
31890
12852
40934
937
9294
48348
9154
32593
34177
20161
40416
48162
1985
23160
48094
39911
43877
49402
48725
32220
29762
16737
16461
5179
40160
8775
43530
26078
10670
33385
20472
42540
12569
11386
43457
38195
26066
18944
20768
26575
39085
27516
41069
7402
17008
39143
47294
10865
4877
45999
9418
971
12716
25859
6130
2856
967
49641
45267
11617
49358
15719
4138
28259
43437
13927
16434
35835
32851
3534
28743
38269
31030
19792
45651
48018
25268
9277
25215
46477
5256
965
47429
34305
43157
19891
37141
44104
35864
48740
22053
1554
14439
26171
29793
24208
6431
46207
26376
39262
16073
5099
27511
47083
24871
39495
11433
16471
48752
36629
12929
20341
3926
26690
4626
47063
46561
41747
7499
48758
6820
29533
292
21239
22036
46418
11780
28447
8957
38136
34042
25011
9567
27885
22074
770
17360
33488
17222
32445
36449
46483
2766
40355
23153
7372
3751
36046
15451
11230
34784
22251
7095
35057
9823
29112
47807
21583
23891
6744
26051
7913
31735
35598
2131
20142
36348
19471
19962
19902
18248
6391
16365
20994
13078
39498
28346
16809
41877
43778
44372
26641
32361
1447
28030
42164
46891
25817
13727
20763
32542
6110
45008
30609
41688
47119
731
44369
32923
20673
14251
1151
43396
30597
22126
6455
36427
16804
39596
28284
26914
33948
21258
9256
1728
49268
1400
48599
41418
31460
19342
23940
3902
30683
20881
45571
27782
21593
6272
10685
42246
20503
11817
35623
17432
275
8410
20192
17059
47986
48456
43954
48267
19694
3190
49975
35295
20922
14906
26693
18714
581
16965
22597
31244
37826
34500
9006
9399
40752
19672
17978
27587
47821
19933
11352
48076
28323
31524
31467
42641
46312
25401
7240
15987
44923
23547
17614
32178
38434
44287
872
38995
11232
23449
36571
49038
7929
45557
24770
15013
31561
42728
8933
29362
28993
20265
43770
23648
1769
25218
32621
48061
16951
39842
30380
11855
29721
47974
10365
34487
8593
11217
39814
36157
999
26365
35176
25260
21903
26278
6606
3444
35338
15519
49139
14311
35764
42889
