27060
31277
8925
20328
8319
32901
30044
47878
49704
16269
40220
9164
43851
22409
14646
48838
28583
24102
6898
15870
18047
44278
25649
23253
10260
45604
5332
45112
38868
6555
208
32261
37813
25466
2569
12464
8347
48945
26674
8032
15194
16874
33528
9025
39263
14506
24195
34178
38588
31073
29
22968
41684
42010
12553
1924
3946
34217
13368
9147
40752
29908
7740
44897
5354
10289
23693
30034
9214
347
38046
40740
17202
37906
49745
22797
2392
23920
6956
7312
21325
23317
46612
12989
31659
9145
31245
35585
9694
10945
11064
427
40834
18784
11656
46168
45405
35330
26182
20951
35657
30560
11671
2839
34798
11396
25617
3522
1648
48905
27167
39306
38554
23759
18627
20193
49237
49853
22110
8911
10778
33155
25670
17944
1919
37307
30445
13657
22617
22959
34588
24606
3500
46240
43778
4630
23968
35727
8133
41949
34612
1632
31235
39498
25371
49842
9671
40940
16027
48113
49832
26786
31248
25482
11062
49500
29121
41487
13137
18070
14427
47705
42657
34259
10277
36415
38869
34226
22122
13334
26155
23066
14946
7370
12544
6650
7192
38547
47570
23200
36640
47382
16318
17869
39197
27360
33701
34650
35180
13170
2701
49587
10855
45338
33826
21113
48085
39027
21671
20187
2342
47806
43233
33620
21508
22109
40250
45032
10636
37801
34564
47256
1515
17214
31457
7044
44555
15138
41675
29715
44640
44356
45634
5476
6026
29440
42921
4091
18447
14572
40610
37121
28710
175
20722
198
22264
27304
45210
49232
31437
29755
12820
32933
46949
44258
6309
7836
25728
47964
3883
20349
8652
15849
42157
31010
45269
1410
35081
30049
32314
42023
17150
11004
42178
37852
27534
30774
31489
39076
29986
12906
35163
42787
45819
48445
3377
18461
22613
29085
32757
42829
15766
41390
8658
7903
38732
3908
25645
40146
33937
7939
32149
17419
35275
40660
21604
12789
21414
3073
1846
17733
15959
3341
10500
28111
1766
30209
46552
24360
25626
29289
17169
41373
37011
25807
15608
25724
46047
41234
32202
46316
49153
14331
13716
761
4971
35300
13530
42718
38353
31708
10431
20644
35030
37263
48735
36776
17452
11619
27468
43058
7241
44617
763
10584
36757
16352
2640
32784
23918
34822
29081
23051
15486
9129
40144
20437
44409
3655
29487
49094
1695
39898
19718
36705
43493
34786
39814
27277
12737
33614
20316
19958
44564
21059
46875
31301
3743
49495
30417
27641
34298
25830
17025
16116
34939
7149
2885
29328
27136
32353
44754
28812
38583
30805
31849
32057
31923
21643
9314
44640
5238
45962
30931
49782
33354
27786
47415
37077
43613
27812
14699
44243
3623
48056
10339
38542
5185
13205
34203
48654
45538
28937
27446
34101
9722
9275
32490
41625
47251
8137
2598
18821
4079
49861
18583
37413
27627
32330
40823
37572
10122
21854
31796
30077
19890
42115
34952
41407
5300
19135
40041
17170
14404
17467
17604
40459
43075
74
48416
40306
24543
994
9107
28603
835
44022
32348
44794
26332
39503
32347
2786
11337
30475
49196
47559
22570
34128
38947
44203
3243
45320
11353
17627
29120
45289
8066
22175
11696
22815
28813
36219
23789
4252
14802
40957
48254
13483
2083
40918
2966
34410
10036
14284
14865
9212
28175
3768
43320
17102
14303
12895
28755
25636
46855
7855
37258
21253
46362
48934
44048
41507
35133
17818
45739
16268
25107
10325
29731
27170
1223
49029
27913
27591
29645
9110
36784
7801
12858
30084
41235
27141
9312
19970
19110
6147
44157
6348
27380
6851
5262
21409
48338
6727
5559
44057
22975
30646
4362
19038
24148
21917
18048
2041
49489
47673
27484
36253
5454
6674
32669
13022
33796
41961
32972
19238
48088
43462
41918
25449
293
13512
13190
48612
20219
18729
9001
9527
49355
29696
28545
39835
1593
12925
41857
17414
10579
19321
19999
32365
25975
2649
45367
26103
10942
44672
11673
25363
4466
19923
17144
21091
33415
30314
19683
19967
49023
45017
45826
14710
24693
24351
4525
42618
37257
12714
10013
14168
48367
29992
12865
24323
48973
24565
16758
9896
35569
44764
1591
40015
14667
18715
11086
14415
49009
47102
34362
14364
42099
46520
29054
33124
20851
33559
25722
24440
12606
2067
38588
10953
48392
17786
1608
47345
42331
18347
23573
27880
29443
25144
17875
44090
43839
45293
8485
42828
42375
9179
7172
806
5679
2558
262
42863
2450
42317
17283
15036
44364
22204
25969
42736
39970
43910
6414
48633
28589
29967
26493
8012
5092
10700
2082
15263
5973
26900
8072
14681
2411
31576
31819
24423
467
32062
17266
2897
24359
881
34265
35055
39417
26566
44124
45719
20456
518
44332
49025
30465
20805
7017
1889
31485
25432
17133
3791
18664
41537
18452
21055
39445
251
45458
39892
48645
29056
9121
22984
29918
43366
24372
19315
19913
18476
31367
40349
18974
25679
39355
15771
12817
12704
33993
10634
4468
17458
14405
23112
25327
49189
10500
14752
15773
5938
20977
30750
34975
30078
20067
31225
23425
44419
16872
9670
12875
48219
49999
48181
40231
5686
30284
3028
34723
30609
13642
39171
48047
44380
28616
23354
9901
39096
4439
42006
11366
41748
22737
12673
21806
42784
43878
11563
37183
27083
21213
16390
41634
37545
30903
31845
9563
11167
1205
44266
41757
14828
49770
6136
25540
28366
45823
1773
33794
16594
43760
45140
8322
32829
7794
46460
25593
18004
24356
29108
45067
11901
45478
36682
49426
26361
18507
8970
3860
19693
19568
11949
853
19318
18066
42725
14016
30221
44478
47790
46795
4570
42911
21449
37379
685
17889
12952
35021
8577
8392
30069
20459
3850
33083
36217
46543
1570
45167
384
37595
31068
12313
4780
366
46711
13837
14363
26912
24648
12133
40039
29198
21376
11468
32910
22041
45690
12194
23395
4247
20567
3444
24686
40749
36507
10884
37273
4409
22383
37637
8337
19783
16282
29449
20130
12974
43267
825
6218
17895
29290
12590
13425
647
24038
46315
39020
36060
24842
12395
40288
45389
15819
31306
36118
18658
8522
39723
39400
47238
43692
47717
17001
9955
27146
3463
39261
36745
4268
11811
20972
33539
24381
34378
34166
48400
47025
23166
792
38199
35542
7412
33568
17693
38699
36019
2684
13553
42074
42064
27123
35747
39761
44105
45682
33239
13900
1275
19965
18149
13066
40917
18020
37428
41627
18518
2160
4985
8016
2932
43164
9890
10325
43065
27564
15356
45416
30228
28889
37470
22272
22345
23197
28365
16430
18859
11584
30310
20114
47881
14791
49513
38779
49143
36921
46738
17641
39061
1703
25638
41973
11200
35508
18630
4245
29404
33966
49641
9612
29188
37091
48216
1513
26621
26561
34275
45460
4478
30917
31907
2339
12041
47752
7450
11164
34653
4169
28786
23694
22204
20756
31999
33384
6244
16962
3961
1981
908
3582
11573
46428
7006
26122
14273
33607
19015
14880
45399
23473
45778
43638
42145
7799
41370
49575
35295
26003
20076
14061
16029
42261
1149
14361
41977
23726
31303
45919
25687
48543
15833
3592
44952
22819
29694
25557
6406
15042
40418
18138
38495
2528
11756
46972
10307
3107
12880
11934
45442
32936
42328
11452
41529
43457
25793
33487
17163
7076
45738
42830
5599
11551
46403
16883
34351
42429
42421
7089
7451
49171
25207
12279
1679
36944
9231
28318
6383
22091
40232
18157
21360
32540
29589
12869
25978
21714
46336
9473
45122
8406
2284
17054
19938
15019
33917
4269
7428
42670
27690
14860
8173
2878
27119
9832
6154
2682
38130
28869
41106
28343
47006
12446
27215
42928
25295
19525
14622
37964
28979
26077
46350
31243
43111
16268
12594
43360
36869
20002
2363
30892
1194
10516
102
44645
20329
6236
47308
8439
1437
38394
3114
48423
820
30310
7683
26095
49815
22286
30391
45126
48343
26722
26349
7786
9322
5275
1126
46172
25258
3469
27044
42784
13966
43478
37410
34275
49694
34698
9046
17463
39424
12141
32218
40224
8783
39882
32651
24930
12148
13023
20037
26823
6077
12718
34589
15379
17974
2047
27883
9564
5497
21259
2328
35795
14717
39718
20050
30743
40748
45428
48186
30152
23901
30385
36708
49016
20247
19340
23927
48727
48695
10296
41882
21104
22994
42803
36463
7300
44830
14327
16844
16659
1918
35505
2434
16616
25203
38816
13691
32284
34225
11858
12416
8106
8575
49105
23455
28802
34777
47362
43861
49804
7638
2075
20888
46964
44858
23683
4245
6020
4342
37421
22660
6241
22906
41426
39189
48090
30223
2860
46706
30780
14698
9102
5218
39605
24539
28653
34739
25648
25995
28580
25432
49965
46987
12652
46910
41825
36316
1135
47826
40638
38536
36818
13211
27775
28224
2380
42197
24779
21573
38883
5539
2603
47965
27090
42189
38837
5723
26908
14465
48051
21821
39878
47996
18788
18862
11238
10594
5158
28705
24752
12129
33574
27902
25320
11329
22458
44033
3506
47218
15586
42369
19089
18169
6666
46159
26690
45483
1863
3579
9929
16246
41732
49787
14222
10500
34981
41793
37426
40120
20478
28510
18581
4032
6392
10233
15341
28831
4246
18827
42381
36164
27528
11450
20666
34175
23942
47336
29638
42137
17247
39547
8363
8959
5666
38917
35792
40628
30690
23198
47080
1149
18041
15641
5161
24413
25854
36835
19576
46433
21994
28289
48929
49503
6072
19575
50010
29994
33244
29628
22111
471
35508
46806
25763
7506
35703
11535
48114
16374
1065
11526
33855
19086
43499
5348
9832
35686
42163
45740
48451
14138
24010
47360
29973
30062
16916
29963
26388
16492
25923
14831
33295
11411
11617
25390
18898
47300
3257
33344
30006
4303
11203
13841
39721
4682
19170
15885
40348
11313
11606
38779
41783
1948
2472
38088
48342
35720
18031
24710
2192
10287
39521
35467
21678
1118
27190
6908
14750
30427
6585
44737
34710
17768
24910
40764
22430
44060
22981
29111
21706
919
34222
29821
2847
36674
17890
1169
38726
2253
42211
40898
12520
48064
42698
531
15514
19868
7419
30245
275
30336
41314
1318
48084
16204
8414
36847
10245
31375
15938
48283
32275
16492
28084
1454
19499
45954
18956
8205
14540
11147
15436
27040
9192
24466
43903
24686
10666
17655
21263
27273
47971
12557
44923
46036
45094
3317
32863
5319
1025
15133
19934
33280
47957
47998
34714
33788
10285
3650
41974
24805
31130
23742
1825
6654
14540
12061
47672
25186
29696
18916
18791
27647
47805
13695
23663
42879
16992
22858
14530
17997
4323
34444
17609
2261
32423
18656
36029
42688
38638
44335
17473
19748
34409
35630
42734
48929
47671
40387
40447
43699
9283
9219
21327
23420
22894
11322
16280
6218
34161
30790
40548
38464
31567
8137
7057
13970
43125
43067
22990
31744
3734
6795
17824
38124
42405
10539
37033
6409
906
43813
16440
26521
3012
37747
49921
42238
15402
16181
48436
49543
13304
5316
4339
44851
29786
27729
8801
22891
20776
31771
4615
40842
4898
22420
28946
47283
49291
32312
20024
177
26105
36445
26678
29097
40524
26579
37667
5906
42741
2435
21781
22377
7732
42453
17208
37498
20162
42341
26721
7270
40444
31317
48092
45322
20069
27019
8937
19340
9311
28942
35849
1748
31719
12507
47177
22223
5418
34824
44462
14491
37239
16223
36848
11303
8656
4036
15133
45150
12709
41835
2400
3133
39484
473
48435
25885
43824
7353
45205
19467
2627
47386
21195
34326
26225
18352
22881
31623
19508
17323
46095
23079
49879
49275
34363
24867
19644
49476
19998
32333
7643
22378
35447
47107
39183
33862
22972
49339
7547
34509
18786
10154
31875
6313
10812
8080
40997
33674
6036
26837
977
18463
49897
836
17718
592
42036
37342
48
12014
19656
24024
724
21435
21111
6240
21629
10416
5559
29157
44905
40678
5643
43113
13323
16436
17525
20653
90
23541
47470
17399
41984
47347
34568
9683
47919
26584
13357
14300
38578
49345
38304
5634
20760
9395
11854
42370
36143
33746
37859
31029
40756
43482
24122
4059
9898
41627
41044
26320
31501
38495
43700
23465
35822
44600
49480
74
21164
12818
14354
26074
12143
2638
31688
49236
28365
9875
41586
14489
9953
29425
11850
689
39239
35952
21080
49118
43911
12105
41770
25392
580
1802
15190
2734
46382
31002
2788
17526
43800
17122
9932
22276
36092
7953
37844
30790
34160
29410
45259
44093
25167
23441
44762
30738
25725
32174
46188
19616
44259
37939
11341
11171
39721
42863
13886
36084
23845
33006
19942
33978
109
46207
22586
2533
4140
10410
33303
38280
6152
44894
32353
47651
18315
43447
28369
44020
25601
24538
29969
36193
28809
7642
13696
18510
485
43914
20926
24310
26901
7201
8268
43342
3388
47186
45855
7508
7576
29139
12120
30060
24013
10805
27691
42309
4232
22393
2661
46165
13263
32610
48690
42052
40232
12367
26894
7049
22613
14153
31340
49494
21334
5940
42816
41054
19459
38652
48542
27015
34123
26994
7056
8116
37779
1079
16757
41991
23452
35751
4488
36695
34693
3159
28727
24906
31858
21954
31935
20803
36087
29607
20278
23753
1880
29426
14787
21319
34410
29661
14666
18513
6635
38054
42962
44394
39114
26051
2717
12546
11782
7185
15574
46456
26676
10633
37694
24866
32567
35961
45650
34986
31901
15908
8719
113
11666
23486
21412
12409
3127
36058
30902
9742
24093
40196
20468
29539
32580
23165
42065
10694
46683
23971
23482
23339
34585
11156
48186
17132
13450
43816
2099
11683
26056
27150
11776
4054
617
33168
16443
20076
35558
13678
29799
25983
3854
16599
5502
2766
39745
13900
13441
36408
37851
36903
26079
22416
14392
40597
39529
44174
745
7960
5837
26781
35090
17593
47168
2039
17093
13591
22096
2631
27249
18227
28595
47436
34806
429
182
40883
14309
29955
43623
2141
33191
36035
24537
47563
26612
30398
8069
27338
4690
13886
20451
6113
47811
17599
8132
14884
47523
46560
33847
24752
31119
12422
38520
15906
29184
5035
23121
43473
34970
16725
45594
18141
2740
20112
32036
45684
16842
40085
23002
21513
20303
9786
27606
18094
27365
2070
32958
41220
48611
16786
15953
29710
45540
20805
11948
24704
25820
35050
18158
27123
18107
30084
11596
37179
176
43613
32843
16999
30
22178
4844
20314
31944
48782
38388
25641
832
21327
16842
15775
4445
49127
11818
16317
19912
40098
41002
12065
41480
25492
39168
25919
5556
744
13078
22065
44337
12254
5396
10700
34412
10220
30994
16336
8982
19362
41957
26146
7021
25131
8254
27798
24238
36404
44096
44131
26482
35078
22528
17943
10550
11676
10194
32438
12400
23253
4483
23070
35487
9859
102
19879
20059
31076
2547
45373
16770
10836
37852
23772
35948
46086
1550
10166
32470
45626
20629
25284
47036
43137
9559
23918
21145
19734
6337
49878
42967
10800
39280
44786
36992
39362
30997
23383
20418
33524
18737
3520
10692
22921
27272
46620
18987
45155
23119
17789
7113
10080
43053
4130
3198
2593
28028
40675
38659
697
40533
31606
27830
46145
42724
14802
35487
23701
38165
22237
23557
23234
25738
34229
46135
19342
47182
31454
14477
20281
15575
37923
30341
8609
42033
49871
27534
36393
40527
16173
3423
47392
14111
31233
43518
23167
12367
45337
13200
512
33907
36737
40079
25977
37298
2546
45299
34460
333
26109
21073
15888
14012
1395
40829
22377
17598
34695
25102
24457
848
28505
21830
31291
9718
31680
4438
38417
43349
17618
38910
27236
20687
45321
3193
24318
14199
14825
25110
14512
40914
46164
46733
21258
13891
37542
43615
31469
22218
35049
5907
39398
13535
44069
37022
39585
42081
41440
27983
35410
25391
33225
28979
12410
28526
32152
36708
9057
46957
11799
23550
4203
7943
36615
41793
21814
24137
35388
19615
12687
20418
25502
18418
285
35903
5420
39850
27964
13192
17813
13355
38563
17370
8666
954
12228
40798
3994
21266
4088
15773
11148
24623
40048
47743
16397
11842
38212
18117
47790
17232
4867
39624
35630
5132
25508
7382
11315
19804
20554
29108
49491
25450
12811
8137
42736
25019
48916
46710
46265
19336
28816
7393
10291
18844
21468
26668
47019
9661
44766
44789
26873
15965
34393
28835
21078
26233
36197
32373
46018
23083
27813
45489
48513
40604
3607
7581
15604
18855
4272
28201
4523
33068
1927
14794
18244
23375
41443
15243
49368
2541
10012
42573
18486
10738
21388
5896
36951
23917
38249
32949
46981
32395
44771
11826
39331
48358
19388
21267
33545
39992
49449
38048
39392
1356
2822
7616
41063
10597
22840
40412
13118
49184
32965
47937
9902
20686
3813
46834
10935
8395
46115
7896
40770
40866
36055
30081
5556
21775
1329
39081
11747
17110
27109
1119
18446
46264
25067
9489
6841
47887
16233
36292
47052
49179
34209
23286
36197
38002
20100
47112
46377
32548
21341
3479
23394
7376
49893
28931
29131
1202
34344
7210
34644
27786
8309
19422
24030
49708
28891
30851
47576
11457
17123
10960
26968
17664
34226
13145
5647
20659
10237
18356
3187
47910
21816
42913
5266
21689
38176
729
39223
22501
7919
40199
267
32560
9601
24277
32249
4824
21460
46157
16261
4916
23449
43209
22560
24007
22686
44539
44646
32904
29228
14165
47146
1024
7059
2393
39045
45215
19454
44600
34048
43706
34779
34295
26246
10712
24904
24827
15516
46345
37316
31758
17593
10745
41299
40133
34733
13966
1005
45711
13202
30213
9857
10328
47569
16896
29053
2946
28443
48488
13878
12472
42174
14989
13099
34752
25681
37984
25912
41177
661
13208
39267
18234
40286
46899
24699
24999
27197
25684
20690
40379
22229
46879
17039
36130
13755
46073
39056
8531
10893
2914
37335
19399
34235
414
20483
9896
38378
46375
17406
39019
25916
23005
23585
16182
19884
48265
41161
13413
40281
28183
3772
12491
25043
20792
48601
5130
33197
3990
13641
44070
23236
17308
29801
7452
17703
264
33680
22413
46620
17418
27765
22516
40404
1330
5030
26620
15927
12523
40014
6189
40686
10118
35012
32061
47242
49945
37172
30419
3915
17145
40821
43484
34434
20602
17268
18469
37199
928
40862
151
34679
34959
38999
25063
36270
44009
18015
18529
6512
24361
24698
47178
34460
9690
45572
48034
9616
32724
28434
29863
49849
35587
39679
615
22522
6927
35416
9701
24188
26259
26184
8847
27550
15163
242
30152
9152
18237
48662
31996
8931
23340
45506
9723
49363
41058
7737
25311
23762
2503
21506
39944
38071
11166
6891
26925
18073
42288
2958
42241
34879
29122
17420
12409
44265
17642
42542
19749
2212
7536
1725
11123
47208
47211
20826
46551
38250
28543
38194
28344
47379
9681
34620
35430
20827
41492
28687
5232
33760
31625
47454
18619
27079
31206
47360
21324
48829
6234
7405
1021
13750
9110
28476
10939
22653
49282
23822
27235
44157
11997
21912
41516
21658
6512
43278
8817
47984
38297
14029
48076
19902
27815
16675
46961
9002
30368
34617
7811
36582
42002
25164
16665
17444
3620
27584
6430
19234
17738
49997
29723
46067
21889
37572
17705
28382
47182
42854
26346
35460
6864
24403
21694
1011
7410
18636
9993
4110
19585
34136
40673
27920
9280
7318
45344
29232
1234
18106
14798
35304
18084
10854
31352
39953
48406
15389
18315
45568
8224
10994
47360
31420
1729
19035
32411
25471
4003
42385
29562
23568
42853
36567
1468
18466
10217
13145
14030
11431
31231
28809
13067
49295
39643
44399
39229
4381
9769
23876
16281
34325
34850
13622
15725
2911
32637
14468
28363
36620
23185
7905
26520
16019
44452
27969
34465
4649
41094
48475
32412
38657
43616
45459
37933
33239
6191
43494
3952
15940
33702
20214
16597
34885
33816
32302
37776
32785
46750
16119
35737
19916
40356
12237
35915
34788
40186
36712
5769
47612
1519
4513
36250
45116
49953
40515
44687
22476
33989
48620
38396
34023
18814
4973
18888
2610
3607
6645
1727
16689
39096
37444
36585
29433
49661
38832
30553
6180
41876
2655
3772
43376
7148
6354
4824
23433
46849
49491
45889
47170
48091
617
31174
33237
21922
42
2179
25509
23019
3886
42179
12096
41310
45096
7861
40952
33909
4746
47112
42117
7381
17216
35473
14510
39903
40277
37923
36732
6101
145
235
4172
742
31389
37390
22645
47763
39549
48134
37115
9768
6645
15543
1058
1722
23384
8342
1963
44462
5434
44060
1824
38983
45866
32666
28866
36123
20569
31930
42204
37046
48497
12709
37769
46218
16431
10394
10314
22312
24860
47409
32060
31486
12932
33099
49540
2648
41421
1483
47090
13188
45523
15246
18503
7721
47892
13701
43825
34794
11963
2361
21820
10441
31402
9569
6639
14165
36295
16933
36458
11136
30674
34850
8954
43586
34281
8474
12566
42035
9937
25989
21555
21792
41215
40038
29494
39088
20071
39651
40214
32014
8344
12014
8787
6079
37916
31759
20224
24191
48672
6662
35307
29327
7845
44241
39245
42106
19047
18144
34121
45316
44113
5656
17089
35308
12026
12915
40728
32077
18898
47274
30424
43574
9269
39191
49633
47165
20930
19838
21336
35935
42832
22976
31594
657
33549
20819
42744
2577
38943
26845
47873
49388
48834
31294
1029
10840
10541
41737
9250
29419
38992
39654
39326
14593
45177
38939
28090
32440
8757
15758
34707
1570
38714
16281
2207
38596
3432
44931
41153
8708
38109
5358
8076
36923
2985
9085
14095
13506
17155
23325
9258
22479
12959
48564
3404
24469
37483
31474
23241
12573
47212
7928
30475
35907
24189
32662
40835
43953
43926
48320
2641
32015
3658
10698
35270
6623
36115
49345
36462
3250
22651
45700
42061
1942
10596
45445
42743
14411
26899
15964
26964
24092
23872
7419
26331
14393
6414
17146
8327
320
15446
10948
48667
35436
37978
269
8392
40426
49594
44834
43656
38577
6866
2050
6852
17442
47475
49575
31833
40707
15520
25130
31131
5724
32529
7442
36450
38923
40920
11109
5575
22698
38389
4222
24466
26348
4471
32838
16754
20398
44004
26742
8955
850
45124
15787
34624
42580
31695
32790
49619
13547
7900
30730
19251
40409
4504
22033
45665
45404
33122
17572
34434
21492
21775
8880
47820
42578
8051
30906
29308
18387
23980
4596
19218
19085
20363
20174
27997
18390
2944
27596
31917
10824
8306
1149
17566
12790
23162
13211
24526
6265
30763
25292
44089
18870
504
41889
27781
8535
39127
7069
26903
29439
11645
12453
48504
48341
48959
42833
16711
1884
20409
48609
12688
45047
16090
46586
24169
5584
26129
15027
28181
23225
40299
22250
42075
40784
30471
36188
15651
35930
9590
8886
15350
37567
37671
13834
35888
36611
6648
18932
38475
43389
33873
17495
38417
16295
30414
28918
21859
6523
43926
16373
29728
34205
4955
21784
41321
35407
24304
6953
21317
33874
15819
2999
21422
19823
33166
23642
6414
39794
8906
11221
49515
42759
45048
4264
25386
25442
33163
13578
31946
27069
29931
11654
27606
34866
49770
18908
36605
24055
25841
24255
24261
7992
27234
12015
27795
10380
35638
541
16506
44524
11742
32354
3616
23123
36598
28982
48545
19741
42540
46823
13142
22451
8458
40729
23650
24560
9617
26587
14947
1790
822
39189
9762
44389
1184
37538
21101
3154
4411
37588
47659
32486
36274
17607
5589
22852
46569
20466
8926
39090
17270
22048
27873
42060
29109
17855
16600
38706
44423
47880
40476
11577
37049
16571
5946
4565
20441
27028
7700
24832
30948
21691
7298
17202
39278
29219
6386
2179
49666
31644
7601
16916
3673
1807
8956
49114
19642
41888
4153
30397
39748
10961
41955
43129
27512
14233
47675
47933
7593
21707
39098
4873
43378
46376
38407
48988
25576
44774
1147
25222
42750
8729
8470
46403
10516
33758
11850
46490
25626
15983
43220
31707
26924
35155
24816
20769
15720
22471
18682
39646
10510
24112
44499
20220
20469
49239
35540
12377
10345
36668
3931
3075
11729
28733
15811
38577
12471
27641
1399
38077
9956
44599
19764
36860
46086
10913
23961
28139
49716
8976
17765
10207
33068
28596
30407
19869
27815
15928
48578
38140
18928
2489
41196
46989
47554
23339
1898
10005
960
19629
14415
10896
14209
511
14088
26627
11404
4382
4746
11101
13338
22491
37640
46386
17420
34379
16236
45215
287
14794
49688
35547
33616
7216
48868
31150
30535
746
7488
47827
36708
21883
25055
897
38726
5475
27504
111
9837
48583
27544
23155
37406
15164
19522
4806
49523
2090
16354
16143
33216
32374
18022
33164
5922
16871
30647
36437
33949
38115
596
20637
26330
25631
37866
15036
47438
31703
31479
7256
30266
25355
30391
34004
40499
16245
38791
6355
34667
21477
38830
34216
20183
6832
17360
26085
40035
14339
28854
40317
2434
29430
27286
45096
21393
15133
10113
18811
13168
7924
26047
9766
33260
22771
43750
40091
5348
48873
12778
6348
20330
1588
40544
40493
24753
7884
32910
31120
22204
11744
21417
40970
7506
48684
36047
28879
30149
12492
14023
43297
36748
6402
3043
36340
29153
46773
26412
834
11979
5522
7162
48641
7091
47686
39115
48176
21902
38357
29276
10438
82
674
17741
7568
15690
20120
2780
45819
48944
16783
39096
35672
23165
8471
21993
2299
21576
14737
19465
33535
20239
26607
32157
43662
24273
37604
41818
12507
25941
21075
22926
26003
38081
6999
49904
3751
27099
2664
15902
26023
19427
21330
11675
42572
29781
50000
11203
1337
31069
30648
34853
1289
23587
33342
11283
14192
20926
3082
26680
13199
40489
15938
5535
44902
22917
5419
14985
49996
24415
30867
25999
43822
2177
4006
2726
48290
20339
30262
49607
1388
10890
792
19009
34458
466
46625
14982
21372
49687
41642
34552
6508
7560
40067
17742
46809
11818
32707
13137
36213
29906
5468
46367
32063
9455
49073
30333
46126
29315
46272
13846
6538
13397
49188
7328
13843
45793
22290
1548
11812
30265
36080
18300
4157
42479
36022
947
20629
35061
14064
6822
14947
19513
3169
13342
45300
18574
43655
41406
47870
6259
21584
20740
19636
20752
28048
49812
16525
16670
1340
28317
46915
3752
12949
1053
12563
15303
1980
33172
344
16024
39974
15271
1869
9475
28593
47149
28029
38580
4887
42231
11172
26452
12951
47140
13536
7331
46932
30042
23982
48252
8339
20877
18336
37621
21910
30879
2904
40222
14031
3229
22579
20337
34832
24428
29792
29758
37910
24154
34670
42777
16365
45822
35561
45649
42943
49078
2960
39855
29100
26922
4440
3771
14132
22756
7724
36022
3616
10609
42577
33979
30170
15136
4297
14982
5896
421
11072
43786
24555
45723
2896
7253
7877
38437
2882
800
3847
22174
6988
49279
49077
11408
19383
29541
496
27087
31895
4092
37676
24452
38052
17826
39568
8681
49141
45445
9082
26545
5563
49970
22248
8439
7203
30106
13209
26417
47238
17036
48571
20558
16296
13980
31946
35659
43501
48775
12726
25377
19199
16735
16161
7231
893
5710
32244
50014
17487
41307
26540
39382
41257
15120
47802
14792
11558
10991
41189
25129
44359
39740
45667
10635
20053
43946
46274
29886
42701
25333
5243
11880
42048
37737
35444
42921
43427
17668
9268
27246
25307
2140
32960
16544
17240
30742
47668
45131
8065
38837
20240
2405
44910
15887
13020
14943
9813
25627
44809
18846
940
16385
30707
9320
4102
16131
18573
13861
131
27821
7439
25419
29941
40379
8295
13514
37454
5944
24977
45499
44761
45197
14236
39651
27416
27237
20926
3562
19196
32068
22388
36468
14785
3075
45768
35219
35538
14321
49060
35650
8475
22831
27401
4748
13190
35676
34594
16976
41600
9551
12456
36342
21080
26672
42325
14829
20241
29584
18371
39417
27984
7091
42217
42749
26499
37965
27948
12017
18619
43340
13999
43426
16151
41380
14506
45673
43389
49081
12630
34969
24964
41418
21291
46025
34422
29949
27186
4644
25865
11889
10393
3829
18960
2591
46558
45439
6888
40838
23789
41839
34158
4120
1597
16641
11833
16084
28646
5202
15145
7608
40151
40089
49006
27775
2446
33409
7704
45964
4385
49901
7833
31110
3710
26774
33
16600
22193
6902
7418
12314
15073
7908
16415
16651
24529
28228
32715
19507
33410
14192
27096
23541
4261
26082
1296
23040
25823
25332
35336
46540
25213
43150
27631
45255
19904
27644
11835
8429
878
19233
20724
15932
27121
3471
48915
17982
31679
31610
3822
31421
45782
30898
4942
16375
23312
22571
5747
15468
14235
41064
11988
5781
34194
39599
1016
20430
33576
29184
28839
34434
48397
15895
16698
41851
19346
15593
26165
17357
47183
29967
48758
9297
10845
20033
42005
490
8936
14084
15938
39503
5128
27906
45264
5654
33838
12613
26064
17394
41777
21236
18160
6506
3463
34839
14689
39142
412
40835
6479
13928
37134
21570
39557
14312
7935
31542
14782
16851
45607
47052
22686
17067
24938
34283
39054
25108
46876
15098
8834
4985
2666
26975
27823
6110
28146
42493
11584
28538
49660
34395
8798
3126
5945
14688
33770
30212
46210
48532
13395
8149
11916
36062
41549
36835
20325
30583
28275
33533
12013
37090
4850
31012
30397
32653
3454
8523
41478
15018
3393
7470
49393
28524
26929
21671
43192
10679
1863
5734
25544
15239
13864
37440
1281
21745
40607
37938
2308
18863
21451
30653
22285
26281
11645
2662
25266
15079
11165
33077
46429
30890
40527
45803
9394
33788
17454
2566
44448
35649
8281
19972
868
38477
7392
18481
10202
47980
22751
28842
33175
44182
25827
5440
36795
37453
8082
28394
18864
35579
11451
15274
16449
18310
27409
25824
2079
11195
44722
46507
46824
2983
16459
14025
41440
40183
48838
17974
4495
21570
13148
37650
32084
38956
43070
18860
42741
17484
47234
27937
19395
25017
43191
2177
43307
20580
44333
11718
31755
39035
8205
44912
8351
40996
8917
16123
47512
7735
34078
1987
45637
13558
39618
27702
18846
49020
46542
11567
32837
10108
39485
18564
1457
49008
20721
11096
35921
15034
22795
17656
20402
47332
28900
28733
4661
37797
44836
2153
11865
45246
4120
7482
8785
10070
35164
27611
25423
48038
5511
8240
24478
11328
26784
25915
10316
13838
36992
12569
28852
26119
30206
49234
23431
25438
44299
28072
13216
39116
30205
41413
34342
658
15227
43107
10708
372
37051
2463
14742
42542
10683
5553
20202
3800
47800
30498
33970
34772
43048
12802
10871
39586
28369
635
15004
22648
28687
44552
28096
25225
2297
12419
25863
17505
21858
2903
34209
8889
5347
48931
17763
32362
20816
37945
2494
18597
34776
36444
3349
44156
15579
30553
33722
10280
47520
15058
32908
26187
25943
10985
1392
28220
39736
43587
45705
11574
12823
46246
20444
18150
45158
4539
16844
15954
42465
35671
34531
27221
22095
4213
21357
37654
1098
21411
14266
48598
2801
47155
41117
45076
24472
8842
39629
30540
2409
1666
42094
31564
47893
28870
16046
9383
33390
32871
41669
42187
18522
26181
35740
6949
46726
23429
10936
14156
11172
25182
12734
30305
38669
3831
25362
29473
29005
31323
9993
47747
32969
2068
29291
30842
47270
45318
6557
46992
28169
48207
39159
13023
40720
41231
19952
37426
14640
30868
17914
42144
22383
30628
22430
11032
791
14124
40486
46129
45427
16811
43856
28376
18859
23127
25551
32462
18425
32088
29434
12926
46627
34926
25929
37327
26137
12214
41085
7110
9414
8979
49234
31777
5939
21644
42790
23063
35748
49608
19172
31155
16399
13008
25864
1591
2467
17747
34033
20873
49815
29799
33779
46423
14705
26041
82
40823
38235
41148
47913
47629
16459
13479
45739
38731
35104
4861
11774
20832
4449
47278
18320
37180
26618
44164
38751
29065
11891
39116
49918
28038
18896
30
40793
49933
42403
7208
7088
30618
14688
21333
44579
31127
34793
6650
19838
19877
11491
47944
7041
32272
45202
41693
19433
21800
2189
24516
846
30412
29965
17096
8431
15193
33458
15556
15106
25841
39096
22175
22791
3764
43488
33703
34872
28261
40333
21042
14470
1805
18967
37844
409
14149
29517
19822
35930
31687
10671
3108
12079
40616
20184
36842
22141
19975
18731
37227
45796
7807
25734
18568
11552
35555
18603
12756
30148
8916
33778
44599
27053
