33745
1586
40199
49201
24034
36877
21502
13684
26451
39224
41579
26141
47819
7908
23513
12337
44282
19395
15212
16349
18026
31944
22658
23267
45853
21441
45043
32425
45269
44697
19788
28994
12615
9967
44527
2981
13177
16010
32997
39608
21566
24556
32081
35718
48796
5575
14387
9411
24950
29579
25740
9308
11503
14730
32556
23688
2504
43931
6094
47753
4960
42214
43079
33907
18513
37587
36869
31670
19929
19846
37610
7827
10735
19672
43525
25863
41579
7893
35254
32861
3804
27326
42149
15288
42037
41037
38956
44521
1301
11382
8606
22593
19928
1665
6481
38422
5584
43330
36424
41845
29508
40367
49653
40223
26371
9510
16067
17930
33735
17653
771
37520
44960
9252
2788
36977
16622
8076
47830
34255
19439
6416
6828
5699
24413
13289
44101
46330
22951
46858
38155
2440
37205
37788
8995
13556
13631
41394
47818
47346
9028
14921
34846
20320
40505
3966
7277
7107
12023
21439
7694
47794
44187
30855
3473
18580
44124
13907
14890
33408
10745
3026
2180
14282
7146
27507
27818
20757
18882
41968
34436
44242
6869
19262
14542
47354
39561
38151
20794
1564
25922
28468
15690
20089
25655
35495
38649
19760
49382
19872
19500
26459
39230
21660
40721
12708
15499
34871
49798
713
26819
34214
11287
33668
19808
25809
47355
9349
30292
18129
27245
22546
12929
42915
42615
38565
28391
47597
24657
44105
17449
10489
20545
23011
48481
27598
35699
13960
12450
35477
14654
5601
36023
25921
5602
5812
18063
2937
15141
14687
37398
42367
37214
16659
1614
29809
21556
46337
27386
46193
40423
11167
23014
27300
34158
21475
4878
36190
35416
33660
37999
16402
5594
24003
42303
11176
29795
26698
30445
11268
41366
17823
19967
28560
814
37914
24701
22351
34231
18420
34876
40986
29567
7871
18266
30058
29326
39477
32580
31074
39469
20559
47456
45043
44542
6092
22551
40669
32770
2976
1918
24116
37131
38217
19008
37926
26111
43690
26609
26675
28442
11465
17641
7989
35668
2240
4379
14975
8049
36939
46029
13850
7479
9818
8874
18353
15890
47757
9003
48640
17066
27253
39089
4177
15450
8077
8435
7894
18099
1376
34549
46521
12822
2170
20843
48470
20742
41554
29777
28771
28474
42139
42602
2285
1937
17808
20618
34159
31897
45953
32779
48943
23186
38200
19453
38617
12610
27868
12843
30689
29225
47372
43543
8379
15874
30718
23181
36597
22252
19291
31700
17058
11410
40634
35675
29679
24774
22626
30170
6652
18559
12929
5575
41726
17462
41360
46675
30052
19209
9498
27073
14766
6850
36948
39477
22704
17646
28990
25633
6231
48261
23666
23269
26003
14280
25277
22014
39035
47883
2164
12019
16422
31426
33926
8128
48868
25267
4783
28900
10808
30613
22305
41906
37443
9234
31363
26480
26860
26685
18445
33071
24927
42091
22673
17262
22704
14282
39257
11719
12145
41401
23718
28547
22807
7624
3008
21655
32871
24123
16887
43659
4717
39173
1897
8492
48387
33240
1304
41579
9906
36082
40983
1165
28153
29988
18407
837
44250
7644
28888
6375
15378
18938
1254
38165
42895
4242
26153
42098
44698
43020
2090
15747
48525
3967
24219
13244
37188
41856
4804
13426
27918
12119
30923
22403
42087
49310
39573
36317
23287
34793
9024
38645
3712
26610
43142
12939
47185
19275
5017
41863
28628
7087
7590
43485
11035
48141
6710
14555
6329
27846
27961
34227
6297
25216
22963
48364
40858
28868
1013
14125
13641
26369
19102
33685
2959
28577
46604
124
14184
1602
41967
9144
25021
15889
2610
36036
14011
25652
571
20320
19830
44864
20880
26107
20060
10175
40803
10899
39023
41796
41356
18996
34497
26791
19014
37436
5348
31950
37541
19512
49884
45840
28637
24886
28062
47579
10902
42053
23211
27806
28705
9373
22650
15917
1812
9043
26072
42595
36274
31427
723
27610
16756
35200
4381
35750
38968
26061
17680
42841
45554
17545
38662
40523
8763
16704
38082
19645
25089
27625
13783
20126
36978
36414
2376
38770
11789
28428
47697
48043
26188
48400
41985
42924
49932
12699
45006
38880
38740
29018
31702
34274
46543
36696
24777
21638
19732
29191
41264
11153
6796
5027
47611
10106
7773
49967
15208
35894
28376
12885
33917
20896
27617
42235
13800
27529
4914
25138
16390
43634
4136
14424
44241
17012
1100
35350
38630
37164
14522
46226
48297
21298
17586
45888
31385
25339
12188
46573
27566
6896
25791
27815
27772
3388
20030
7904
30898
24924
33022
13620
34891
37138
28024
45464
4130
45456
30794
42741
48952
45296
38947
13581
32927
6513
25801
30644
48185
37969
43549
25731
44845
19320
19878
22597
22689
39889
46833
3567
31145
29835
33519
32368
16954
27875
27812
37416
23311
8587
30137
38595
20215
35417
2156
3122
8262
27937
33746
22779
15887
43628
14842
27064
12928
34701
49642
35597
40922
46455
5496
22047
42623
38995
20748
25909
16850
48540
13305
6493
23459
9775
45068
43655
11524
13556
13109
19766
41474
13188
42526
23693
6796
23700
737
19704
8381
16711
21634
49283
29499
43462
37663
22102
32438
8391
47991
15620
6911
27628
38446
46703
37383
49846
40338
48887
13383
19779
34986
21189
32947
43844
11214
6075
17524
11931
25760
25886
44975
13726
41501
24454
7168
29144
12888
5938
37515
27211
37891
10759
4819
26317
7442
8535
42495
14112
23754
22210
33871
8720
43379
16799
18896
4573
22854
36401
32837
14946
28619
44144
45004
20100
34930
2153
15577
47798
8071
3072
24989
45942
13811
46140
38591
37585
4655
31067
1677
44742
3257
35529
3442
12969
18660
38671
33874
7846
25052
16691
39125
20003
27167
34109
6435
12077
36242
21992
9855
10646
41397
1176
6568
21540
13649
45140
9106
18284
42539
10763
29358
45776
46272
49133
25077
31264
37784
8932
39091
29168
41955
28196
49151
19103
12285
21918
31160
14860
43891
40996
25486
35268
8504
32034
6788
22133
43506
32226
6750
36025
42970
36088
48134
5574
35201
39543
36819
22965
48455
42242
18465
40391
20418
17596
9474
49035
39495
6966
13875
49718
14294
39341
1318
22779
37708
8086
11244
47546
6645
17974
49904
49595
20395
14370
21501
5576
3893
8300
44874
2329
16874
13319
9052
37272
47248
18506
2640
3075
41804
32847
2773
6079
38521
4071
45190
26209
28489
6414
40087
35114
24369
39971
1041
11096
4321
22523
16652
24547
47155
27858
26856
14010
7510
35888
17614
4738
20726
36586
24145
28862
19414
26898
34921
7915
47301
30091
456
42122
36486
6875
43569
27187
46827
44590
38263
17480
33445
21247
8359
46933
49086
35195
27275
6576
37415
44869
27646
24473
47788
1771
3316
17182
45001
4569
41429
8634
34641
8217
736
37459
15072
44285
14626
28231
5208
19221
12044
38633
40448
20383
1898
5866
21911
29153
28774
25658
40355
6400
112
38123
24503
19760
5285
19484
24309
13046
28098
25282
21243
45167
12721
36295
39432
43679
14507
10972
12880
42883
15938
3309
13246
17816
9155
35137
46950
37910
10776
37285
10642
27220
41740
35126
13312
47005
20942
37601
26383
15373
29216
47606
10520
41917
233
49932
35577
31072
27237
14789
23935
43155
18078
37162
10951
43566
38631
24233
47808
49387
27850
24782
42939
19570
26240
6231
32907
47163
10165
9270
12516
39361
23208
23016
47610
23422
39280
49519
20826
16497
14289
44742
9632
48699
48236
36916
8597
3199
27481
6385
18919
5312
47500
11838
24862
23720
34402
24102
20863
10899
33352
49711
16592
22893
22707
14182
12647
11968
30034
33453
44797
10655
44527
20762
9334
9095
7658
17912
12275
35119
40629
31174
6763
4461
9344
47958
28162
43726
22040
49005
4605
21724
15049
21177
44597
37736
1692
23576
16036
48058
23362
27166
8693
34221
47908
34359
43297
21898
2251
21904
23349
9213
19410
30093
13654
45086
28031
8148
38793
51
23486
9730
21755
38515
47240
32685
26231
15264
22593
8600
13302
45935
35746
38327
30137
49986
22666
23414
21864
41250
11650
45193
16795
31040
25266
46781
26106
3277
4910
31231
19660
28376
7294
7748
16871
20866
6765
9434
2462
29338
18014
32096
25254
20092
20403
5371
20058
43049
45117
41902
631
6747
3428
17406
4119
28674
14168
46557
48284
19058
44121
34276
47414
1395
42004
30617
38593
48749
40031
41035
44420
24378
39463
19654
10802
9846
41357
30841
19227
2806
39075
19839
9533
42483
3577
29984
37490
17725
42873
35754
3115
36974
20010
16861
4701
28347
47458
43274
43428
3822
641
37828
44532
40084
23814
5314
49910
15151
2487
35470
17937
41543
21641
43802
358
25198
40118
37828
9256
32972
39914
12351
19926
26257
45545
24608
20936
9335
34214
14344
13137
34836
2153
7649
24900
25947
12944
41143
7431
31763
42945
25348
23286
14566
35483
39977
6096
25581
44137
15332
8533
34032
44016
44792
26621
5893
19380
47537
15208
3574
28213
28326
4742
30346
2307
29623
22626
31583
37098
46389
13327
30023
38069
2945
10921
23532
42902
16997
15446
37020
48662
23959
37384
9010
35083
13985
14883
4443
27854
30071
24350
6047
24729
29072
2726
27017
25027
41684
8580
12105
38053
38239
8460
26102
41165
19361
49615
34047
36339
15041
21047
34981
5332
8411
10323
40396
38728
25186
11171
16562
21589
1853
38942
46299
47258
41648
39648
22265
33312
14560
703
21345
2780
9143
13779
43925
28485
29726
27952
31156
44747
15332
32469
16412
40075
42772
23140
45136
17938
643
28030
39507
2477
16952
2138
16067
24932
41766
38312
8224
6307
5347
45901
25419
14471
9661
19324
9288
39367
13608
40424
447
45272
22873
33191
1680
15625
22663
46796
49895
23286
24806
5734
42095
8091
7853
8142
33003
15951
12787
7560
38590
18114
19793
13989
48917
45786
49645
8185
35134
29586
48589
1913
24838
21442
1436
26498
3399
24079
39626
19626
13697
14413
25341
22125
38836
49526
30247
38171
15457
9366
45711
20380
43813
31837
701
42710
27603
327
876
29069
29893
49445
30962
21063
37220
48730
47542
6951
22789
37148
26558
36467
17893
18231
8572
23061
17737
5151
11213
49526
30850
23256
19886
24643
5073
36920
17333
32657
37227
34541
11706
33452
33967
9001
4495
37519
7711
2017
10802
46833
5498
37340
49632
39723
5551
24536
12765
39620
29667
40310
39127
26849
13546
25345
1472
34952
12245
35138
17589
15804
19659
45627
49236
19958
20960
3712
23809
45004
22061
34592
41817
43891
38264
41429
33595
10148
15945
12692
49748
11944
2982
5207
5126
32860
30533
6578
17792
9110
8048
1713
24895
44040
47321
40463
13978
34613
44155
4120
29597
32549
38692
21394
26420
43288
29155
9995
3416
45080
39019
3145
23357
41981
24684
28463
24822
21549
1373
8946
30640
25754
10640
21867
19774
24293
12310
33732
8886
22798
37832
38464
5327
42856
26190
31727
36125
5326
8055
39521
16738
47054
8998
6427
39016
33663
34870
30170
5192
2576
39096
2164
28310
16068
24011
48064
40341
2654
48128
15560
25432
2293
4004
47091
11481
46526
28798
47586
1832
3185
3440
34903
220
28770
41310
5568
28765
42513
2070
33938
11421
7498
2434
39711
23547
42778
4107
30220
45412
2215
45760
37176
20840
16096
34247
32302
12603
29377
46220
30767
32543
15992
32002
49095
44743
23293
20995
23488
32138
23045
23758
43539
30523
26173
49582
20402
18931
3669
603
30675
22216
12695
17831
43037
28772
18410
41671
7707
47767
37871
4806
46642
3844
36789
12069
14919
10062
33044
4739
8532
6069
28478
2051
2925
20983
1613
23307
6246
21614
40242
36901
43810
19270
21064
3179
48022
39454
44830
22061
3553
49034
26847
176
19210
29968
28577
34109
40010
11602
38828
14874
17651
33638
16905
20556
4601
34850
10196
10827
22796
16770
14060
16587
36020
35104
36098
374
24538
30909
22415
44424
46275
15595
10932
15465
45543
39489
15906
1886
1071
4714
16740
18703
4685
49978
5591
9266
1160
32119
36426
23937
48870
466
6856
34870
35551
42934
1577
26421
40175
40324
20825
36430
5899
31737
18227
17775
21207
34113
35993
38610
38808
19065
23645
9825
35375
29217
19071
36516
11316
21829
26785
26518
22276
49973
27721
24159
9239
29278
560
49395
19582
37718
2157
41814
35787
20365
9569
23326
20810
11894
11917
25950
30939
35542
35755
16295
31091
4807
19143
8740
42968
12260
35238
15224
12213
29291
5715
21432
8549
22608
37159
44464
10306
5649
36258
12425
42346
12159
35732
13136
24033
47629
39067
21304
49503
24802
3931
30575
45941
23054
5647
38890
35294
40865
20446
47487
20137
26142
35252
45018
48730
22391
39462
25368
44372
42052
37773
36698
20543
23485
49815
10908
37446
5214
32193
3282
46348
36104
189
8622
25491
5816
13844
10765
13013
34270
24585
33130
26744
26169
44481
25454
14892
275
17154
9245
42308
4908
45923
29183
44725
12070
40072
48504
17264
22245
1766
29945
24681
18287
38547
152
24083
2371
27250
37076
36621
1815
36539
13346
44316
31000
5132
9188
47607
38619
18413
6247
43507
30669
35411
4564
42719
25463
3048
26316
14040
21146
6241
38701
39413
44768
5186
13476
13471
32416
16885
72
563
3404
29750
44859
736
1215
20379
48323
39814
38773
4551
49653
19422
39942
4197
28473
31737
23578
21121
45757
44704
27342
790
450
38442
5956
13906
1893
4704
47123
18298
21599
16859
14380
32790
17575
31927
3150
32231
21721
8255
3114
37706
44009
9388
41884
38814
41105
15442
9916
3194
26478
3590
3964
26908
42013
26253
40795
10238
47289
4250
44868
35221
21090
9229
17991
38645
41136
37473
37208
29190
45708
40302
16876
6049
16022
8740
44844
23459
40514
4740
26633
16973
8310
46930
43861
16655
39515
988
26874
36784
5219
21722
38337
42641
30931
6309
47618
38400
10114
34807
17570
5803
41441
778
28184
7444
9499
23008
30883
16345
27728
23849
33298
36019
20759
43492
2654
10254
44460
45860
13370
16011
17563
1688
8632
14826
24329
6231
19558
34423
7370
37108
6558
48791
4219
34723
22567
13698
7711
19783
46375
35420
43612
29654
37771
14351
39478
6757
40937
270
2598
4287
32614
36493
22307
41226
17651
46616
13789
37190
31020
37491
40630
3910
36263
44829
38613
25162
24859
46305
44925
21215
48057
38517
17201
2160
19200
6659
25249
26469
23261
27827
47089
5855
30652
19376
47062
48284
32325
27183
35454
13325
14655
26064
17215
17250
37226
22161
42392
12065
34798
3650
49612
32835
8499
16793
1327
44032
39784
26556
20481
13026
20716
33902
18861
1348
3259
32255
49612
35564
25771
1398
15221
40406
43795
48768
23988
31001
20909
32712
43046
5687
36342
42639
4854
11174
25764
6161
5186
15529
32698
41999
28535
19746
25882
13728
21074
45473
45964
20667
47369
21715
38397
12570
28453
32172
11318
18773
13153
48560
1465
22532
4227
4140
31503
9062
15294
7247
31555
36812
22756
30585
28791
17623
311
21005
47684
21366
16458
9980
8365
13807
31675
46742
42709
26460
28895
4008
45213
42028
18900
13010
30892
23107
33482
12375
48501
15108
19603
30037
1900
8691
10602
47024
42647
10894
34361
40311
48592
17152
271
6937
30939
48278
20011
39981
41070
48886
10321
2615
7247
29201
15605
38119
2288
49068
475
770
14156
36410
30787
32389
45081
7721
45745
4060
18595
30086
44351
17167
47218
10954
40436
44490
25564
10428
34451
16614
25646
44752
19209
32873
23933
1147
37325
42553
16547
4132
43303
47035
6874
40422
29404
1935
48124
41481
22328
33051
21548
33011
16551
18746
10298
6967
13216
35842
33727
13999
2437
9354
8731
37978
8559
48996
5457
45864
41530
21984
16328
1165
19000
23182
41568
14736
41450
6024
6198
13758
39055
27726
13101
21938
12804
23379
28886
42353
9202
28945
22684
27971
38279
31396
15929
46819
46724
37719
9015
38234
9683
41676
5732
45015
14838
47280
9732
22620
19636
32262
2710
25023
26320
15792
46942
5456
39151
42160
47789
48333
21085
20454
26284
25697
18182
8546
22496
14886
12597
47843
19453
22260
5851
25165
33608
20670
38777
43320
9622
8393
41914
12313
49748
18214
28085
46670
40002
17216
5162
4124
31882
26228
40910
24498
1905
9072
49376
40733
40290
11953
4908
26075
34194
10740
17572
17782
47742
6329
27434
7344
31054
35680
19637
30783
20226
47702
43785
10208
14899
48928
14312
13113
41488
5202
37591
9725
30606
36948
438
37229
48881
21678
13284
49407
32398
30837
17169
30120
3498
10935
37445
885
46595
23414
48000
33153
21097
41765
43342
2328
7025
7634
15421
14845
29169
2992
24550
9755
6272
41320
13316
5134
29331
26581
4521
11709
23750
38023
8162
43580
15290
11939
44445
28218
35333
42425
11351
22762
523
4673
41422
23880
28640
23175
5058
7789
42500
29588
33876
48752
37241
47173
3866
16552
40086
24720
44593
30168
12723
2735
23728
44345
31006
34506
22543
32672
43263
33875
5414
10118
4880
46817
331
33500
36324
5369
7621
28804
1289
41478
27537
4862
4983
47735
21394
11401
22435
32320
41549
1490
1387
31609
45816
32374
16095
18339
15026
25691
18546
36772
2141
23407
49921
2452
6887
36226
7801
14489
15010
25423
22299
42527
30265
43614
40243
17992
4995
29010
292
46524
30481
1659
28113
42629
34013
10541
10948
15371
2564
29475
2124
4685
19214
2025
23470
26081
38231
31251
6902
3222
23006
45533
12081
3252
39127
18656
21224
44102
47647
37848
40606
44460
39487
35052
37069
39833
11925
14349
5184
30821
10156
23640
35486
29350
25646
8936
21764
30209
6520
28646
49763
29506
24160
11825
49090
13267
46813
36646
7350
10792
24474
14288
5232
13942
15672
8633
3755
43929
39315
25271
24730
49451
48892
26549
45134
40870
1817
16878
21059
24669
11856
37155
20508
35996
15312
19578
15596
12105
6205
39278
39230
30659
19898
10794
10933
1903
19408
31020
45812
25055
6272
36875
40838
21496
29756
35952
28698
31553
2810
16089
22555
14647
3224
43043
16975
18516
28953
32551
46954
1490
38161
36164
48482
8040
13290
9395
9923
32678
6748
5715
24065
29352
8922
14884
828
38658
816
29506
36544
19959
45575
25431
938
15132
18454
34245
49980
13739
33129
46914
15210
21270
49410
30024
29290
12681
5751
5545
11691
12479
27593
35737
41811
36495
601
8971
41486
17749
38457
28010
4040
365
3421
21310
31829
38207
5536
31789
18278
38645
28684
49820
9895
44426
29824
5518
7087
35556
11043
35111
14367
38616
20828
6159
25092
37761
31462
32910
21842
36252
27252
25863
36597
30653
47153
18406
35192
19021
16527
3450
7646
45191
19603
33874
39598
49407
39372
13017
1295
16747
48108
15643
5344
35268
38134
46768
23009
19576
29658
11184
5808
6890
37027
8737
3875
512
43475
5399
19514
9983
25181
27140
21506
44764
27346
27436
44152
33050
40434
45427
49778
4874
27402
5102
40123
15516
18202
29464
1425
14192
40628
7213
37414
43987
32283
41269
44480
25738
13000
30326
35701
38161
23798
7188
32906
1125
956
43390
34155
41370
5149
33913
12577
48884
5347
2680
14380
39881
48476
15785
4053
39085
39331
41447
49404
21594
49048
10216
13664
12028
40522
49346
170
14301
22866
49408
31758
40154
9130
32245
31505
30611
32491
44062
29475
37818
13074
43836
44032
11530
25953
48065
16947
31616
5845
32684
3190
4873
42880
33187
33234
49735
48865
49736
30368
38063
15476
12106
28197
24586
10683
26034
5177
43154
36428
34633
47305
49482
44801
41317
27345
20734
5714
10624
18683
11539
43288
38205
32745
2501
21372
15959
2216
20217
15675
32564
8260
31131
11002
36438
22049
21665
12452
27206
14800
48861
11819
12085
14675
22952
3382
8352
10019
25428
18957
28682
36948
28577
16867
19673
31058
38220
1964
49606
24769
17619
48502
33010
15082
9484
35780
37111
31130
14564
14297
12262
29757
42449
24327
10765
31733
44041
19097
41732
19449
4386
20394
22729
32944
37242
8734
30334
41794
10678
46273
16543
44629
44755
15885
9691
4220
17997
13134
1682
32542
43764
13924
28631
36193
4583
39376
17906
14956
8454
25971
737
29172
46345
39799
28448
49919
48513
8763
41693
25524
21368
24569
20133
16103
40434
46157
36655
24764
9271
4669
23638
3015
34925
2249
5540
5840
7958
39779
37128
16392
15730
37846
11896
12055
43977
40325
11955
8822
15420
19980
34326
36768
44529
4440
19203
1296
16929
5839
26040
26180
26840
49658
45528
11746
18239
1048
17566
26177
40807
4675
8901
22869
8853
20778
1257
19162
11083
29544
27964
26483
49504
12271
29583
10366
33043
48766
27994
49952
20937
4014
42464
47758
20004
37972
9484
4575
5353
43382
30733
12492
14389
5966
35342
39574
26724
36579
8716
4139
16103
36661
30602
31939
15264
26517
42285
14639
25264
20259
14571
46181
40605
23367
10271
26941
11320
19735
31497
16653
29450
28562
29125
10171
860
30799
49726
27565
33710
24774
48036
49793
27767
44971
48065
43011
21468
6682
23982
46712
43274
38533
9226
33859
28233
19477
27133
39533
5545
24962
22518
34975
19856
17975
11478
20696
48755
11184
14593
32445
2291
12610
48571
30038
7561
12968
39382
29009
19630
13344
42054
12884
18210
1260
13076
46423
20717
6541
2288
42594
31483
24786
43901
17671
42741
5360
38347
7828
32876
2921
40254
35147
31863
5157
31518
39404
18105
20880
34745
4067
556
26779
16932
18746
44371
46340
15149
31421
2861
17417
23995
676
8535
17877
18327
17609
23217
6654
25417
22425
25907
32003
7553
7750
3492
39051
13486
21577
26263
14564
41977
26799
41323
8889
11878
35675
21561
43359
33428
24402
27109
7403
25058
35624
25260
9717
3213
14809
32703
44963
37215
8591
43298
11100
32673
46771
16483
12492
34680
9078
27036
26637
35857
34691
1858
14067
36698
23399
7407
20106
14133
34496
27490
5523
36452
19082
15220
5998
224
47904
17293
3771
22827
10571
14851
5480
7322
47666
34304
8335
6724
11320
34952
8913
45992
3143
22961
49022
26522
46700
19109
6988
47528
46579
12491
33960
31993
27692
6290
32197
41928
23563
35948
14735
34115
17131
36547
7769
14777
20832
16084
37833
48484
1017
46727
10808
4140
36020
9811
46994
32700
45252
3962
30208
41811
32786
30500
40136
26810
36771
22314
18718
10314
24594
49785
10761
41706
36312
18511
22815
23476
34575
10629
38293
1924
23688
49081
22396
9688
25224
35723
8720
20456
39665
5260
28599
22431
35740
18716
49221
38843
7362
34271
15490
31936
34036
26231
39974
36681
44722
12770
10137
45630
23379
14762
13886
47047
30176
36263
23067
5380
21966
31767
42169
27963
37007
37100
16727
39079
22148
32280
44255
29490
16532
9725
27759
16900
2288
17713
3561
13343
30463
30031
25305
3822
44773
39171
17201
24929
25414
40248
46642
13712
38347
38791
41656
25334
25871
8363
30746
48000
40623
41333
43822
23487
17390
21561
40368
19658
39255
43909
32981
36050
23920
8266
6205
35026
13770
23386
9935
39164
29967
6557
19209
18294
11680
10845
9961
3884
35540
40687
18216
42495
48352
12018
15963
15722
49912
6311
35360
5499
200
34674
41529
40453
9272
47714
25459
23022
37433
1726
28519
17380
8264
47708
35654
36276
24885
45595
6492
10405
2614
24688
19232
946
3039
35175
16648
2931
41466
18341
24762
7999
2995
16271
48432
28599
30318
40223
17954
17731
41929
46453
1443
16525
10493
37077
19134
35358
49005
25606
12095
1599
275
31307
18878
3294
16463
35506
22557
24261
20179
47299
48592
39506
29902
13356
18086
10200
3559
36020
44263
11821
48805
45686
28326
9278
49096
13792
10968
14433
39379
23043
16012
39634
20682
1222
9260
3477
36709
48149
44071
23220
11780
42643
12707
41662
5980
30773
18195
9519
33125
28790
37672
31910
40809
32331
41168
6237
46103
18468
20650
35462
7843
36642
41428
28505
37845
17020
48315
40886
15149
42366
30438
26909
1341
43125
34904
7301
23878
19431
33153
23335
14553
20805
5225
5342
19468
12725
11559
15552
31173
48541
994
5348
1516
42403
186
5693
9403
48481
46559
40885
7179
43329
34126
8500
36435
35362
32134
26645
4773
31619
49961
35659
18756
21518
7333
38205
34224
35225
3737
31729
33746
21063
37058
35242
13446
37224
40915
39182
2037
3806
46399
9196
47116
30505
34028
33531
15848
32494
10156
36953
14093
26449
22592
49182
47948
46258
37367
32152
31463
7436
30213
15189
28479
33603
16764
8258
20807
7659
47420
22824
27798
43799
48352
24894
40636
48713
24757
6464
31187
1245
9750
11613
27675
48674
10775
25603
44912
14474
24087
26355
21890
20632
7877
349
4216
24621
8587
25003
48612
22339
14160
26390
32470
28844
1264
23087
43889
42353
45883
25057
43579
5613
3002
37586
20620
30109
13169
15512
44563
3588
8200
32785
24200
16057
33114
28396
7010
8034
19732
5602
46705
224
31973
29156
45400
33217
18575
39270
41903
14438
30659
35462
36384
33641
23028
6984
30082
2529
38828
24625
22449
47008
23742
46629
13045
23188
41358
20035
31202
27422
25618
27888
43978
23923
23376
39358
23472
41931
28608
15355
22701
9247
797
9065
9220
40157
32381
39282
42666
21190
30239
31447
18178
3961
28057
47556
27130
35747
33923
24664
29501
25873
18884
23459
49776
8592
12797
23229
503
7738
4916
39537
16965
5694
48582
42518
12183
30944
48132
21182
18466
44704
2609
36624
14997
46998
512
8459
32725
34416
33104
28558
26621
18320
1997
42730
26893
31127
15939
43728
38845
37187
33245
22142
42861
48160
14640
21377
45436
12753
42539
13882
7437
45128
16838
22414
42107
17331
30854
41164
18079
30290
36055
11032
48590
38032
3742
41815
19139
36013
35524
7964
23181
18749
30087
32374
33241
11059
3731
28657
23792
46250
42519
47561
7711
9338
36308
16150
43001
33494
23646
11060
30116
9681
38424
45038
47694
42147
36834
33165
28140
38690
7462
1301
7419
37529
50008
6993
48568
3719
35630
38693
16302
28130
2586
23993
3800
5226
6475
46781
38700
30101
24173
35148
6115
12577
30167
3789
21056
16981
3286
49177
5651
10728
16810
29402
14589
16798
36375
13138
36850
21986
18163
3132
16448
37081
43457
20228
42288
49912
33341
47320
46345
23846
32449
2440
36403
12596
22561
23792
45909
25828
39301
1540
36536
6091
47274
17458
39222
49982
30576
42404
21948
15071
45516
4728
18484
38953
41288
10752
5197
24609
24405
1522
48435
23186
3943
1170
35762
42836
24942
31651
18644
14223
49523
21513
36647
13129
38951
42201
13091
35859
34585
1371
17262
46433
6079
35726
35366
47347
12811
6895
38288
37196
8397
36703
10362
28672
4206
12456
21489
45480
10439
6465
26036
26294
44310
12663
39403
33241
21196
2475
35432
5761
20178
19026
2174
26238
4733
3872
39917
33876
27099
28186
37404
35476
31221
14098
30481
35407
26534
18302
30868
3305
41099
23236
29579
35390
35879
35314
34963
23407
37769
20376
45500
7928
5734
14006
498
10447
17858
40395
44303
44937
18561
31687
46745
49763
12117
43558
1502
38631
11840
48702
41916
19272
21918
37827
4642
24129
23122
39585
47516
27223
26293
42996
1483
32008
6982
1961
8787
41172
8689
19423
2441
27230
17442
15519
43325
29540
9057
44808
34503
37230
9842
42752
6482
31741
30559
27456
5850
20013
33373
3347
47217
25999
12675
48680
7987
35990
16974
33106
27142
25643
2509
45916
19205
36284
11415
12511
15804
36804
23651
16639
40366
33473
9371
13180
15194
39911
40616
37377
26256
23970
7056
23453
49949
19711
38466
24268
22033
5420
23706
49156
31043
42548
11404
228
28812
39151
29071
10948
25935
2702
27567
32634
2508
3271
45794
17682
9514
2743
21391
35750
43045
28427
9184
42974
48119
47630
33574
20132
19382
23612
35620
16757
16140
13356
16965
11284
2487
46017
38564
28403
15051
16112
11017
17539
19363
23143
1554
28857
25866
22925
30939
18891
1333
40103
28197
15784
4065
28103
2248
39779
1696
4201
6516
17816
17537
23462
45433
20005
35811
33977
14740
17194
16421
25737
1066
2116
48860
2600
47305
41059
41857
28225
9930
9522
18308
38108
41638
38706
16191
43867
28465
17867
48048
34962
2016
15565
24756
13781
1902
26899
47738
16622
10425
14140
8691
11471
32588
23884
30403
29874
14923
22241
8079
24833
48095
42719
29273
39714
47757
45445
33561
26203
29644
47941
27497
47992
29838
18585
11753
31721
45464
25824
14675
5869
6296
23347
33673
38864
47211
14056
18718
12114
2629
43129
3279
705
2181
32533
40399
49918
44310
40292
42453
40286
4565
19930
38259
34383
4847
16344
32436
16643
8500
47092
22493
14776
36771
22498
19973
33962
36534
5023
12408
5496
48133
15667
6181
294
14532
12912
192
8822
19536
42626
49089
24081
28888
3680
24796
33716
20004
23565
339
44837
20637
39164
9593
23740
27994
29546
7682
14509
34550
36422
19985
49015
2069
42498
49289
16582
21742
15813
41736
41258
24771
7157
31671
19992
10817
22799
20040
47154
46344
36711
41971
33313
25856
17896
7033
20182
47423
14695
34671
48305
1097
20988
13652
19499
29818
29273
2413
1540
45066
10481
42778
36170
17619
40781
6142
28416
13561
26162
41902
9885
12853
33853
43179
5041
1730
192
25204
15485
31220
26207
30122
48649
13528
43754
34480
43326
23007
36873
44847
34405
47335
3957
20555
14934
44719
43029
9682
24612
19171
1565
34477
48357
1750
43988
19730
3460
10513
11266
18925
41713
3806
49027
6694
17314
42761
41155
26972
32100
44360
21799
16486
41675
42089
37021
22941
3140
30031
48956
27732
15534
16853
28541
30223
18583
22510
16286
22024
49355
27532
7281
7400
31318
22641
14074
14964
31734
21561
41917
13815
15902
13696
30281
23909
22117
33634
13183
25237
29997
12119
19301
11864
45304
14175
42067
13867
3017
8333
35871
2352
2198
9485
9732
33496
48458
23786
48441
30172
11680
40338
10319
27562
20366
6932
17803
8816
6899
30966
34033
36876
9417
19667
48720
4701
33822
7120
18549
36819
31785
20752
39151
33963
46569
15215
33792
45007
5333
48565
41512
16993
5235
1811
10887
25581
8724
28671
34377
15603
9617
34743
18811
35367
20742
33864
40048
4544
40964
24929
7695
39081
12014
46826
23025
8563
28373
23149
3551
33686
21694
45043
660
26909
13186
11527
18822
21890
6530
19532
3825
16128
4255
38969
17827
41329
22813
7855
45853
30109
49117
3528
19170
11111
16686
8527
19654
45039
31656
39537
45057
19682
912
45697
12923
14079
23557
31726
2301
30067
17590
6107
12527
21825
45056
30334
13134
34201
4522
25319
14290
3619
45179
33440
14710
11845
41948
696
23216
39936
40214
18253
9599
41106
30283
22502
5165
20172
20560
23799
16571
38130
29886
29079
26287
41274
25745
5753
41807
30247
47404
6077
198
42563
5849
31240
20740
14129
31917
43936
4046
38463
28522
29977
45901
25137
18811
17399
45289
5704
41178
11840
43814
37396
7251
36434
45002
32977
42167
36789
29556
5904
42846
29735
48447
48675
10955
19168
12785
9204
29436
33163
13999
7938
13120
9881
33055
48263
43612
44676
3947
34770
6497
14094
38498
13728
508
33480
13037
9007
20249
42574
14891
29427
22289
13319
44434
49576
48819
23551
25113
28235
6694
39092
2506
36146
15305
1893
742
8897
46550
4669
9999
19379
35095
48477
33087
35583
31937
12457
10923
18518
5011
25794
47925
43632
5445
8692
43188
20596
32223
34633
48812
5250
40058
17650
7728
5343
19523
24802
30573
32405
45804
40552
1764
30879
39010
1184
32795
37279
13621
43698
5778
18612
19472
20035
28576
41250
45059
21744
11826
43615
22710
26970
15197
12748
10952
39257
34423
46808
14040
14976
29193
9824
21861
47290
7035
10851
48454
39810
14462
28407
33488
20220
46999
19293
6588
41907
26875
1627
29983
38681
11574
2673
31984
26751
31753
42916
15989
16157
39704
30009
31113
35230
6165
19306
32500
13180
30137
47286
19323
10932
25673
2791
47484
39004
38416
4052
30891
15271
22012
10854
20285
33566
13508
18601
10298
