6437
22308
40047
34513
24337
48263
45867
42988
11689
17888
4004
3415
29530
5591
13603
1634
28600
6347
19354
16506
20539
30339
45146
38285
25559
44560
1699
41064
46140
14542
11524
18909
36830
17903
3402
11147
16146
15602
20467
27815
33470
24452
47563
12980
30023
11146
30946
24955
33825
280
41441
4344
46951
36568
42610
38842
31108
10641
29886
43580
25164
7742
12470
28326
25625
32204
5806
8104
14138
26253
2251
47589
685
16146
26901
30688
43625
24180
21975
27430
40792
13397
48107
37724
16297
40697
26546
47385
1318
22765
7297
42814
30487
36099
21121
22445
18284
43259
46881
48754
19492
49112
46323
20158
31591
39557
17178
25196
30069
39134
2606
20841
18863
693
24897
35140
7722
1424
32505
25373
24169
6134
34519
20988
42214
21972
43413
26830
15211
40274
25564
34684
5719
38220
21174
37290
44109
4684
12466
24158
43798
31404
44979
28993
48430
36209
14113
22484
3965
12950
47837
28114
19065
48689
15434
27611
20641
8828
20773
35833
15434
12669
20497
37485
869
41651
24755
11310
12667
3553
35448
6446
34938
46760
35419
49700
32949
15865
22164
36894
28795
19982
31340
47840
35003
46754
41783
5624
21914
12536
41437
3681
25186
28266
41146
42387
36249
15882
3678
48897
35767
39106
21675
20685
2198
7074
20365
35127
39271
8862
38353
18047
45176
19673
15867
30159
32760
23983
35763
21006
36499
27181
24667
28017
5427
15794
36737
41657
48008
40395
40534
107
45833
12189
20773
48012
35595
7470
49471
24847
16312
37805
42874
11468
23810
25073
7959
6550
15388
43703
43889
18220
20864
18536
46217
42623
662
49286
612
15002
39661
7478
15090
1827
19647
2195
16171
21575
25997
31974
12754
8642
36111
21960
36442
9902
13365
44382
32784
28734
38065
26653
46934
25261
11522
9483
34216
28516
8750
34809
43499
14743
42267
24921
32902
28247
43448
49053
16154
19425
47360
28888
44399
33451
828
30822
9685
30525
41536
8802
9239
45933
1787
22505
21174
13289
31969
5370
8138
7051
6511
17969
21774
48759
42870
21009
43338
2650
36394
9472
22055
33734
38340
32787
17166
5500
29941
43183
2357
21457
1965
11577
33722
3733
34062
21228
33354
32363
42930
41472
39394
49422
9421
11149
14513
18623
48490
7831
21253
34864
33635
9641
18579
38307
42408
2077
10139
22329
45240
12476
10118
47186
24033
10172
17251
24428
31380
585
6771
24290
42038
46146
23692
17791
23627
4537
36395
22097
12348
7628
6941
45963
17249
25500
602
25989
43909
10721
14650
39130
23178
41100
2648
47191
1252
36231
21599
32612
36796
44703
6883
45166
40829
46907
12938
30788
1425
15665
2865
30105
23273
9786
42401
6855
1619
42983
49176
45508
3685
13807
970
26843
21239
19950
40366
22472
6161
28298
21416
9290
22981
28279
4436
13790
41519
33706
44558
42924
49351
13755
23009
38957
39873
15390
12144
41472
24706
11300
3313
28371
41439
20615
5194
12659
6898
45540
1463
13039
23818
22859
38661
13131
17471
43078
26901
8970
43116
37791
18226
42448
17878
7567
47737
7732
39290
9861
15536
13976
37493
35181
42327
28913
5777
13853
7904
29007
25725
9347
8378
49524
48538
47020
12635
15989
6430
5869
41291
49526
9992
9497
8306
27851
17045
6023
1915
6315
32216
17431
36623
19690
2593
28930
14935
24702
42763
39171
3689
18468
48498
12047
34324
13368
25399
13292
29338
31809
35493
36961
31316
11817
46439
5954
6000
29816
28310
7895
2463
10506
41659
39066
46528
10584
34328
27795
35266
43423
16946
5287
28223
31776
33666
12528
45125
9046
42152
40795
40835
43977
27736
38483
22126
24155
44418
28107
20303
22708
2334
22746
49546
43973
28144
12407
4537
12452
40182
6135
5855
7109
27754
34059
38865
11401
12919
33970
20427
5051
24745
27594
15360
18814
32410
37466
9301
26808
31905
29585
15848
34220
18663
31726
44525
46788
44113
15395
9220
628
21510
15056
7717
15597
15447
12914
26978
28346
46865
13737
49729
37942
7663
15069
23088
40053
18867
32370
16841
17105
28287
49021
1305
46930
47080
12162
43698
7525
27537
19251
8133
15380
639
15830
30957
16066
28725
24267
10744
41922
37984
10453
46196
45627
41854
35617
2013
27053
17967
18834
44138
46234
34188
45423
9496
31248
23918
19527
38753
1435
38758
13219
33147
5729
29029
14084
38127
24086
38331
48851
32340
42647
9284
44869
4607
17470
30466
6600
44503
14765
41766
38622
27331
25934
377
36807
23514
24275
6314
28600
42043
11404
41799
25170
33465
37160
5587
21572
27579
10250
20403
9899
2878
46019
21100
23817
13469
1546
30397
24305
32643
22143
29259
9954
14410
45968
46742
4256
36576
19388
49188
28599
47125
7319
20101
30570
44460
42020
2123
22019
2251
38858
48250
21461
1210
19331
45258
31011
37209
25635
5296
19833
14110
887
46119
28500
46836
42841
49089
33392
28562
48257
28323
25667
21909
48404
22569
16349
40405
41024
4700
8988
29863
19282
30429
47405
4945
25667
28396
8487
1282
25
44652
31724
892
40751
26557
47708
33573
25626
31080
28467
40215
25735
20466
12104
24120
43015
44785
30857
34020
15817
6177
30215
35080
36586
27600
40005
12233
5976
14824
29847
5981
9456
11551
23206
188
38088
20894
93
30046
18307
28540
20242
44022
48986
48678
34474
8333
43444
31663
42333
9241
37820
22528
10653
24386
16460
16991
2951
38769
31795
32778
44730
41232
10662
17916
41400
48730
5143
7825
28757
23430
36345
15331
33784
1663
13989
18239
9976
23765
16234
18642
32987
4035
7502
9972
44753
23943
26943
47685
29044
8719
46795
40106
49931
7437
24355
7663
22500
29478
31820
17589
19240
34497
49252
3004
36140
13221
37575
12448
3319
20142
47422
2638
40509
4905
12590
35242
45180
39514
49259
24204
48213
12387
14290
14476
36156
38625
38471
24988
34435
20271
42557
20007
4748
41789
39344
7220
21343
26899
36000
24642
13373
33403
27260
3862
4640
39830
5437
16152
45676
4676
6688
10221
33395
37310
41029
19532
25916
29480
44500
26683
16083
3390
46671
37163
45159
35995
10715
32834
29226
46696
7456
42580
46431
1048
12774
17403
7211
18191
33535
2867
39200
40203
13069
22575
27493
4078
8439
19741
49891
2920
12757
32306
22642
9408
35802
34133
11735
46497
16948
40941
9525
40736
49853
22288
41765
12608
39671
15308
47131
23186
18155
36311
29721
47556
25219
23547
17967
33638
43268
34190
2890
6005
16476
41864
31745
18610
25978
43460
15088
42906
734
24593
49974
567
46862
41719
29507
2865
23359
42971
26032
7847
45614
22085
5383
20813
45612
39682
20784
38861
23852
40006
11198
6661
31851
9276
25251
7809
2716
6671
17047
19782
47597
17001
20330
10791
25053
16169
13636
48392
25472
6000
22571
21067
28066
27935
8212
23658
33949
45328
28851
24134
35315
6382
30775
33498
15638
22358
7639
18334
29010
41018
38097
42939
7999
24759
3710
49384
7260
17326
14109
32713
23307
36660
20112
17705
30927
28304
7695
14857
23613
36527
38971
25260
9241
36078
8738
24859
24768
32709
9525
20110
23707
13954
13029
31686
5045
16719
31051
12286
378
45140
11331
40017
48132
31423
7702
29040
26059
31729
43877
49652
18236
49180
24892
27457
1590
49962
18648
26338
32651
28154
46429
6338
42088
25790
4357
13466
8842
1740
25732
9200
13212
3395
49197
11324
1150
23231
40344
27189
4940
553
43174
39509
49713
34398
33298
17635
34341
1927
43954
33324
46413
6715
39643
4833
32485
43980
18279
41307
12052
10343
16839
25244
13718
32368
36548
31200
21931
43225
24722
43204
43758
17876
32693
9804
2254
32323
27419
2927
582
37705
36232
46975
10752
25855
18141
9570
36167
36400
17209
48199
13076
34029
39775
26774
32729
26303
24307
4641
35860
49009
47825
29599
16865
46850
5735
35451
45505
49486
38359
46068
3524
24571
9375
14256
406
43848
23806
2905
30229
40996
17436
43285
41357
7191
36391
24066
49826
10678
45039
35667
26019
9196
31598
42864
22378
3665
28296
17864
3131
32987
30264
6635
7538
5971
37224
24276
49800
11010
27161
30009
18338
10929
39626
26027
34452
42349
16426
34258
19360
11445
36257
45359
36974
17835
4556
9332
37832
49184
43528
40944
32151
23772
13911
39669
29724
1115
30277
29504
28458
23770
25845
13128
34679
31803
39136
19111
24132
5542
19701
43472
33319
5939
5164
20273
40106
9700
45938
27919
8864
39446
35195
7347
13199
15438
46996
9255
16534
43605
5091
11324
17355
47268
24432
2014
29051
13548
37457
3163
35422
7138
12968
18722
29409
18112
38975
19496
44144
34893
13747
2988
40672
15274
10315
20203
30692
23643
29438
47206
17228
861
24862
915
48109
49275
2909
27140
12803
6698
46635
48206
30168
9583
33260
9558
44027
38567
45386
38151
39793
9113
7471
30445
40719
34118
628
21391
7741
46398
34930
41301
47239
9772
42196
45328
9027
11437
38800
38163
34467
35415
2701
14616
11331
35941
24154
5338
24488
19520
9822
14261
44965
17273
44686
35664
1372
11646
7035
25445
8024
8297
33079
21595
18050
41607
33255
43409
19377
22035
31552
3824
23783
585
18420
35094
36506
42554
6764
27327
28406
16566
7920
39703
172
18939
41699
17876
30565
15067
9653
4922
23344
42712
42849
41374
652
26085
34764
20009
48100
32648
23813
38215
33214
42214
23289
36052
1100
30034
29711
45839
12932
37612
35522
13084
6531
27202
47292
3428
42249
6926
8330
15573
15970
17512
23280
16602
43577
24376
36591
8009
23356
10385
46205
22902
18931
19474
8935
20011
15840
4978
15830
28753
42570
17685
8169
15433
44867
5442
18842
3448
12348
43504
19001
28298
10996
8613
11233
20905
32969
47804
28895
6306
24521
25080
29188
43432
10886
4455
29776
43059
25766
11938
38144
18316
29603
46293
82
40802
1715
18904
44230
30395
28740
29564
25026
6069
38157
36239
26954
37459
375
5829
10097
24877
47241
39265
34641
24460
10053
30749
17499
2151
42668
5623
20447
38603
18248
36861
29386
36296
22097
23596
16671
818
19492
8029
6867
7630
44248
33801
45069
10956
5963
5146
35813
3184
10743
36786
27624
37128
17516
11455
39259
10164
17058
26039
48747
1639
12880
44465
37915
34958
34394
4566
2108
3866
28928
8955
27828
39508
9088
39229
444
15031
10707
2589
34548
37783
39356
12152
24891
23204
39940
30483
49700
23330
22854
14779
24949
2066
9225
12844
3356
9951
33743
5444
13797
12651
30731
41606
2139
6152
47167
18916
37515
7855
21485
22043
45618
27173
528
36841
16709
40448
17304
16389
13758
6490
31149
38688
8537
6706
17864
28225
16637
1587
50002
46766
14218
47065
38352
32690
3197
1852
17938
7045
9687
39403
29068
5285
32909
45928
42106
49598
36356
25743
32320
16447
32213
13449
21467
7082
36487
39311
35288
3104
40879
1622
49850
21429
48667
4535
20451
18197
6367
38369
25222
32386
44105
20622
37651
26994
16531
29737
42924
19219
21812
25224
35646
4006
5005
7093
27420
41472
12737
29040
10908
19948
30642
10739
41357
45642
31606
28141
13819
4305
16490
5373
36671
26927
25975
24302
3901
8838
20371
13158
28038
42164
38362
30016
12502
9700
3442
39902
1152
16159
18923
12041
36087
49545
39112
43776
45167
20698
21897
25318
41335
4720
47023
27986
31627
39331
2268
1861
48149
38971
14999
42519
47467
19693
22516
9949
29373
25938
16184
46858
42077
35087
25231
44496
964
14323
38252
12464
1353
10130
4114
42668
31182
1118
36986
12789
40429
5586
14630
4910
44537
29609
47410
41985
49283
19906
18266
44988
12176
34430
41826
20585
35849
33389
15061
3146
47692
3293
15590
15377
29755
36036
24377
10917
37134
11343
23687
43895
16909
38297
48786
11427
34239
46176
19744
49854
32414
4342
11174
44570
5105
2981
15135
40934
2702
30176
44060
375
49801
25982
32084
29537
11999
6442
6786
15465
17765
30453
9341
1007
35083
8107
28766
35654
4263
48490
1840
36657
19164
12994
47559
24249
32307
12674
15164
34990
9182
25556
35345
8963
17871
33761
4832
29850
40183
11599
45295
24281
8384
4616
25268
9799
29055
4014
45433
33298
18836
47253
36287
4332
26580
178
28562
8867
12832
10058
43837
38346
35594
45514
47290
19797
29256
18454
49627
19419
46385
11255
10032
4750
32203
35280
14529
11239
5626
26295
10869
40794
39880
13489
45107
16440
13647
23649
25288
42812
33687
35457
31138
35613
30952
44760
5391
10188
13195
21350
45939
9560
48937
22304
30642
47473
7564
11504
8692
29523
4131
35893
20297
10343
15714
15384
26764
29342
5365
18384
38486
5384
3821
19604
7330
1105
30697
29053
11273
10224
383
23545
36116
15653
45829
16739
13106
19725
44575
38130
15580
48686
40355
35858
9009
6050
17574
2105
1724
39272
36821
40190
44636
40623
26126
1946
8060
6803
30979
35666
17007
47695
9191
19456
13328
21352
2527
42766
7409
47082
30876
22970
12100
21211
25160
37441
43593
42714
39527
45297
31966
26328
35467
42935
33283
11574
44861
41324
34709
42173
26970
18049
39848
2493
37485
19508
23825
39992
28606
31214
3406
9462
20516
15486
47005
45656
2907
6931
38351
8766
2208
36649
1427
4008
29564
34690
31914
40758
42346
32955
32911
19296
984
39091
21769
4801
24931
11926
11125
3517
9473
14511
29311
29969
46329
42648
41958
15569
49559
46641
24315
18100
33270
25722
22088
29167
26745
20334
19905
19071
3269
19148
4700
4234
24571
42801
25367
49482
4708
36473
2979
30513
964
32270
10462
13626
41250
2400
45527
40790
15373
19822
8870
48624
11877
47290
44123
4954
17604
30360
24005
37205
49488
45037
7771
24039
37819
33119
23501
42507
19572
42812
23000
36868
41414
49794
474
32644
18527
45981
23414
33880
32136
48616
48836
10345
45886
42939
31631
29822
23279
21968
17008
39099
16986
41111
13118
4785
24210
2951
47272
43762
45743
36604
46963
3489
2730
13769
36114
37589
26083
25860
37802
24551
24457
36618
34876
36675
45890
32839
16478
19149
4787
49818
24581
21753
7261
37679
26518
31452
6963
40122
41546
19038
26706
38489
22508
45769
2239
24954
33338
44654
794
21120
19185
25231
24071
20393
28239
19941
3212
11049
5422
7979
27199
29983
29713
34440
33995
6211
15872
40938
46314
7399
9956
39352
12220
48796
1453
30791
23730
34772
25425
24505
22224
44590
16068
12627
14963
44287
32548
34507
5316
37951
42467
32495
34266
22160
16916
18241
44703
49120
9159
7349
22851
35448
13034
35052
576
14467
15823
24287
15571
7581
15124
4128
2151
47524
16735
33447
41792
49264
17934
13440
3547
26733
12268
37793
15225
45516
22367
9909
44616
31506
33590
17448
33286
46604
2480
33843
27404
34635
24462
42955
42196
5918
13415
10680
3422
30131
10459
11546
45727
28373
41319
49254
21439
3567
3379
36644
49063
25726
12885
10011
23565
46456
27439
23183
9392
46251
23358
36776
30867
47800
46064
39395
20050
9459
55
39805
5922
10494
1331
1629
5200
8982
17215
26619
12529
36927
29595
27924
28985
8813
37916
2530
21601
15335
42046
30973
27919
15384
34082
8766
29517
46478
48141
49547
22269
14529
39332
28172
41355
6996
46133
46535
15958
13329
39486
44820
236
35414
39076
45553
44207
26972
14416
15788
8640
6442
13093
36539
21806
47155
11637
17655
9965
26110
33535
32215
40619
22847
26719
31955
46175
22832
44822
28466
36141
641
23266
2709
36035
12322
48243
30222
5627
28991
12342
30599
35413
25415
17118
23551
38903
45087
41187
48848
21177
24702
47395
28129
13881
24094
26416
26389
46907
21218
4835
49380
21839
44433
2070
24206
23087
16645
4408
28694
45616
16730
9273
47361
8478
42723
37244
47361
37790
44763
46189
25300
35797
43565
3409
49659
17639
29805
42380
30878
17355
47195
30239
5527
7960
48641
29713
31027
15266
454
26054
27214
33516
35307
40907
41974
44363
28131
39315
48485
22875
1837
23765
8652
11734
43506
24643
45705
39643
17003
26564
6979
30530
6783
12486
38470
5404
8531
35830
37002
8965
11864
30548
42462
13503
21435
34416
7846
49546
40064
22664
38753
41881
46409
47386
19947
6248
38361
15632
45871
5345
8528
2830
2207
31643
31648
40658
37027
40160
26468
40361
49105
4664
20889
7899
18147
8656
42296
42326
24535
48692
14970
13268
6905
27711
26986
26832
33939
15328
8796
29791
37005
17305
32601
39192
48928
30582
46182
2288
20722
38982
8981
36159
43626
46203
10391
28106
4839
2667
20412
45706
17691
35362
8955
24576
13053
2273
17740
46973
33933
26516
26744
20918
10153
25677
26443
25414
22591
22605
44034
9645
27920
2995
12137
21526
15530
22508
49612
20350
41507
36356
16036
9178
21698
41323
33734
1084
9929
17806
14389
43842
10654
7465
14741
20788
49474
41164
12534
22046
30101
6548
31671
8001
25875
43788
45860
41386
32628
11804
28068
24115
48141
10436
33273
36171
18092
33339
3587
28001
1125
34308
21823
11760
41753
2896
48880
7560
10392
11394
29586
6826
34274
27589
14807
26481
37710
26999
34199
20318
38784
12247
44414
3257
39016
44019
5760
7088
27339
9328
1421
44796
43616
23224
22888
1702
42453
21748
9242
2825
49474
5160
9631
33728
32729
40771
26542
36771
17750
10721
23422
22866
39301
17816
42455
28297
28167
48196
1717
5486
23856
3118
263
33804
42674
23131
35486
1459
11212
44708
4265
10666
16200
30228
10727
48910
20979
37249
2013
5062
14302
25415
44260
3583
9563
36696
48212
37711
1224
49909
9529
25060
19359
26124
8844
28366
15588
10663
29805
26780
21703
34050
3778
37884
30611
30837
3126
1570
34418
5119
22964
48701
30515
33557
2264
6410
36585
457
44101
37789
16698
19963
29181
36038
46067
4357
14384
11635
15000
44169
38395
36684
44552
8506
40900
25143
39323
44006
43045
23722
49105
15990
22403
45952
49527
40999
18695
36092
7788
29128
40213
24467
49071
19374
10485
45119
23711
41201
6734
5044
35350
11462
8060
29882
19948
48940
5005
25603
42926
48031
49305
8363
30353
38040
20648
46212
29020
39323
48636
36788
18431
38829
11235
17483
8183
38052
12582
48226
29233
35648
3250
30916
47090
11290
27130
33370
26562
32116
8954
19468
46479
24591
27812
43164
12612
14792
39356
7964
4095
4324
44732
22506
43133
22300
6321
17648
10332
18883
15854
5898
20864
35437
36794
17934
13059
13904
17637
39602
12352
42923
25402
25163
17494
19546
34659
46438
34318
40347
4382
38393
44651
15447
27232
37764
37727
33533
5392
14391
2397
37579
36621
23241
39348
23395
7507
2387
3632
41476
8321
32316
34379
33704
23812
18206
3230
8451
14624
37529
48779
35339
25902
9762
766
19466
47507
4825
2980
19231
19196
21709
23142
5798
44930
12470
45525
18769
14838
15489
26578
23139
47786
10937
6823
21578
45475
26386
46361
26432
13895
11472
28103
6129
21215
28849
25576
18702
33654
28536
4265
19182
225
27388
41312
11487
39838
36818
46588
21008
2287
23146
44128
16405
416
17283
4315
12223
43649
657
38635
7524
12109
16718
29986
33304
11899
5542
18338
11885
410
22584
31048
615
16304
22340
28434
6122
25490
25002
27111
44110
48129
37571
26847
14877
21186
31143
27080
14816
48132
15696
38672
10221
48746
18638
9858
10626
40512
44528
38843
40902
33444
19871
7849
49728
8544
36263
5831
366
11246
49274
44456
25707
3177
37636
40564
24343
18759
33976
39139
16871
49652
44144
43424
14731
29114
19614
41689
35959
14123
30512
26841
47547
16716
1023
47256
25240
37266
19419
25586
14844
35025
36375
6883
38182
23991
47427
12505
9082
47736
17977
42285
47368
28453
35689
28431
7547
21636
20100
9838
35739
16945
36660
49618
33641
4015
13206
8861
41261
48957
779
22438
33962
3486
29301
22124
43809
43061
962
2871
40777
35271
11488
4477
13704
47158
32889
37583
35126
19321
47402
37197
36246
394
36795
19867
4389
16334
45060
11982
15271
12172
34400
15566
31990
13682
37670
25780
23075
4964
44983
13832
6567
6452
18289
36603
19942
1158
24167
5048
36812
37901
42225
23038
4627
45352
9238
25348
28018
20630
3662
43270
49134
4395
8816
31105
18057
12818
6865
7464
34115
1828
21276
40662
24612
39545
27246
44534
7036
17745
15914
43828
21978
8119
33198
42937
19804
8768
18265
47802
45731
38259
7404
44845
42634
16200
25930
27023
45351
32775
34467
29446
936
5723
36440
41880
11601
13666
36395
18617
47743
2289
28777
19701
26741
28307
12618
12877
3408
47215
10659
49119
1807
18044
43944
44421
576
19855
21425
45907
18962
22224
41685
36230
27928
28106
28091
39509
8104
14466
24458
5828
33087
19567
25509
9808
14206
4460
22665
33946
18007
49657
33045
19794
34033
26970
14196
941
13157
1953
13181
48451
24157
4846
34662
18417
49284
29085
24258
7369
9883
48696
13177
42950
34595
5018
19091
15134
25810
8088
49060
43798
24077
48438
29924
8090
25388
44100
25364
4877
12385
38525
3308
36523
43351
4302
4920
8968
49719
45511
16317
9582
44187
45826
18865
45115
17176
4288
26581
42967
28708
25621
3097
2766
24039
33001
27188
15759
27082
2532
36968
5799
41037
6609
8654
721
27243
13555
9669
26943
9046
42318
2857
19565
38124
21702
31012
5280
42322
23925
48227
21011
49527
17656
23757
39898
638
925
21990
44052
19790
25290
49831
10807
31879
8466
27860
25455
38353
37509
18730
13731
29807
21567
49628
34263
9602
46973
39524
1904
20878
4083
22895
36737
21720
12984
42968
22338
30242
14938
32722
50012
6560
32533
27151
4772
7331
4992
30207
45664
42481
48917
25727
38621
36816
25336
22864
46398
22289
28720
14635
43147
32784
37510
29865
20836
16827
22813
9506
47049
4083
42208
47041
10623
24721
24172
31727
32033
45496
28266
44029
37958
27163
19737
42911
30312
45053
15755
26690
33674
44456
41305
26801
43572
45148
22998
14388
11955
45791
23874
25336
16206
16062
38709
43162
7115
29213
24869
5480
24690
3116
49490
28980
46611
35559
21871
26903
46944
3958
19926
30598
48394
27563
23731
8298
22691
46710
22666
978
8833
46520
42646
41372
28914
31335
34514
36010
10529
25715
7822
1551
45163
7292
30511
8107
9183
2362
1342
6107
6300
21248
3037
21027
48792
26749
29305
37815
39791
1952
5126
48604
14804
14104
6308
10051
45420
40802
46041
22281
32850
20195
40164
27993
43820
20655
2432
2983
39349
3755
25423
45629
24983
28440
32988
40107
21521
12274
44255
11292
30558
15713
26229
11694
29797
32517
21725
41549
39652
34098
30162
22482
4274
20306
16807
48074
7293
19220
17389
46622
39307
42792
42232
30622
37565
41552
20710
9066
3806
31297
20339
696
13342
12900
28723
9471
45397
428
17353
1381
859
13847
23843
21465
34134
6983
35871
7759
42535
3240
4362
31822
12365
12926
12424
49910
4458
49466
8956
24597
47095
45627
25273
10417
24859
3976
36221
36589
20737
3554
37950
37928
17381
28126
9373
17847
35089
11576
25587
43956
14796
29929
25758
27141
42835
4514
43383
13625
3961
18672
38202
1036
14279
29808
27786
5471
116
13987
42040
20833
17521
29970
25093
1234
8076
798
19062
9497
12354
44629
19785
27131
24538
45523
20604
33705
16370
30320
47310
20311
48972
35493
37679
29583
15281
31797
35034
15377
12116
27054
2543
45969
23357
43968
47184
47765
44747
16226
23595
7081
10835
43360
544
1705
5216
37481
1742
21566
17781
49032
8209
33085
857
12220
12648
32470
10350
14015
14180
22446
41049
16703
18396
30738
27003
15560
44836
21730
48118
18411
28792
25285
28103
45668
26970
33299
33129
28692
21197
17242
44056
45738
307
44894
24291
29288
43696
34621
43283
7856
7047
664
40891
41775
31383
17875
23667
26199
39585
21765
10942
34709
47030
39025
30358
40332
22305
29819
35356
9834
13394
45745
5553
30033
6971
29824
9301
647
30777
2564
8484
4156
3209
49355
45912
924
17210
35911
27103
23128
24009
38025
7817
37371
43382
4507
27684
32019
659
29372
41834
14033
25097
13719
44046
32048
9875
19680
32676
40632
22224
7492
11120
41765
6827
7012
42669
40370
9256
36104
13478
33245
40461
21275
20596
33824
42115
14612
15823
42754
10317
7637
23119
35394
37688
33497
33775
47543
3157
32783
4507
25362
40255
15608
17107
13414
38952
26109
3764
48188
12193
33574
47765
2635
21182
34694
36439
13277
49286
18594
22363
25935
42564
45462
11310
30232
28939
11417
44108
48429
10532
48595
23771
17119
14183
7210
30513
3116
33299
610
17636
11825
516
15382
14440
21678
56
17211
1287
15674
35785
23630
41590
44681
35424
19232
24894
30696
46981
18982
29105
7493
33909
2856
24592
48073
26398
21437
17521
26030
38379
35137
37835
38876
16851
2255
26886
33239
35798
28154
15246
21563
1764
6816
16225
37169
42380
7451
17845
39341
42765
46930
46814
26654
16118
37738
41059
8848
25507
8560
34858
13867
10030
22673
19075
26861
41260
45941
10081
27038
40427
25307
14934
42172
48455
47491
45673
40815
4922
29850
46488
47667
43112
9634
40653
9210
13704
31693
34390
39191
40233
19229
19390
243
41882
4797
43437
49475
17071
19850
26493
7478
11489
41407
49630
9924
38878
11635
17071
10132
41465
29891
24131
34557
39505
14765
10099
3189
46438
44470
8712
3003
30031
28083
3227
38245
49212
12996
37700
16263
32826
14174
23722
10647
21913
39684
36903
10772
1300
3954
37236
9097
177
11348
9987
39662
26093
20066
9183
38863
30868
17875
41846
10879
12290
11405
49105
11483
24381
3137
44078
23539
33643
17780
34166
5537
7445
21049
32641
25077
41335
19857
34154
41492
31185
10473
47486
23610
30520
23001
12453
27720
7209
4280
38580
19479
32017
4017
47294
6379
23486
7705
46250
7110
25465
30397
12627
49242
17778
11600
24299
9094
31437
24786
16918
28955
35239
14385
18897
32091
37366
31331
9792
44555
1943
14704
30367
33940
35053
43993
6651
8519
1678
2882
15609
43476
33259
44568
42698
1017
6148
33330
26443
37566
24448
43342
32853
26019
7707
1730
24443
11405
49393
567
22293
1316
15251
2640
35237
16636
12965
8220
25135
30976
11082
7077
24432
10673
1625
33462
28023
7754
16772
4446
11652
7552
14120
10837
33552
38159
12547
7975
49545
11921
8522
21818
29569
40105
40790
31138
6721
20087
39339
48188
1043
401
5245
41807
27407
6851
25250
5410
30937
42002
26188
42569
15887
40289
3386
49419
28428
32265
23726
44305
44166
48580
32455
40068
38665
39577
21186
11718
9645
10505
9886
27020
27239
31464
18808
4626
38295
10390
26368
35564
2372
2536
28113
34591
9157
47831
33990
3918
30076
24048
14555
40575
22608
46991
30623
27605
36548
1789
39303
12525
28627
15522
5878
5846
46966
41018
10452
1593
1388
3152
37137
20092
22020
31582
4664
31158
29393
38634
1408
9449
29015
15943
16356
1603
12914
46959
29189
15795
48729
34824
44652
43688
326
510
49514
13624
7860
26298
31549
9228
29430
35018
29301
1430
16580
297
48920
12305
5263
308
38087
34258
32584
4423
35842
11830
1363
31363
27605
16424
16167
38590
10092
32826
5432
25938
12782
13273
2216
44312
38833
47978
45662
34466
15740
28575
34743
14641
40860
39987
31281
45279
24225
13845
49683
26399
25656
17378
7742
19593
134
40242
24515
10206
23048
29928
2476
35810
9533
4672
46454
48346
18982
42097
49145
34702
37004
33868
15675
27844
23835
46937
23104
14393
27114
39119
7124
19102
6477
31199
5028
6591
21421
29523
33129
44449
25783
35585
46591
1648
6589
43026
16327
25551
1455
15452
26585
38439
49300
42241
32615
39468
5510
22051
20193
32604
27502
27297
18039
33959
8476
23047
6882
46229
18902
6343
40658
11018
8260
3582
28998
31181
12940
45305
23064
30727
27089
49630
35498
26370
8203
18093
32170
13693
6477
18695
12629
33959
12324
30648
34251
37133
20027
7465
33342
5262
13789
40333
32612
38381
43895
11590
19543
23167
6876
8939
3874
297
24901
39352
26647
33084
23777
25149
46757
30234
43824
25719
30526
6129
22699
14757
43242
42707
22202
42916
14301
2323
33229
46893
40685
27104
8463
26560
16603
31671
35479
20457
31949
10361
26141
24928
9777
49899
16410
22867
46465
10214
48566
26971
32675
21245
41708
42249
30284
30243
35146
44565
32546
18355
41438
39563
11792
16234
16103
28375
14237
17915
15165
46166
28256
41286
37427
38013
41165
3817
10860
37611
30363
25758
14562
29371
46984
22603
21600
43600
2826
23078
38146
1704
41414
45916
41248
19538
28482
7331
14245
42700
25226
29390
5198
19814
20657
42605
24160
11802
12754
1352
15745
9450
27091
46640
38801
40407
19223
26733
33987
38381
49792
38465
40065
7538
34362
31293
27056
29176
4957
41281
21856
30163
20652
27035
16310
7641
35972
40450
35775
48707
8134
1501
24489
1557
14473
13270
41944
28
39983
42264
38389
6107
47061
44786
13625
47755
26060
7013
26912
30997
48275
48748
27492
35259
42115
43782
42880
28068
564
44987
43107
8679
46468
17576
26568
27273
47178
18493
27281
3493
27089
15650
9581
24130
10417
39538
21866
2809
46532
48758
138
11139
13838
27610
46378
5934
37725
5590
33982
4621
557
43421
29632
13358
10977
6181
40611
24487
41006
34225
27960
18075
49855
37521
8537
26604
27040
46735
45745
39904
11825
12215
1023
25644
6158
13733
47910
43863
19303
48224
14816
36192
41625
44429
15882
18934
16942
22826
43401
7928
7031
21341
42335
23218
25195
17204
16155
18567
13920
28232
8451
25725
40428
9454
17701
46566
39519
15591
6761
25154
13795
21557
11326
21752
15966
43541
40666
32888
16347
34047
7148
39710
21721
15815
12908
13248
33000
45395
31795
46900
23608
6578
38957
14016
16012
22991
10562
21863
38562
17303
46997
18690
38840
24655
40422
21139
18176
47421
20359
855
47800
43840
40545
19501
9635
3434
32729
42615
48809
30856
5847
22397
37414
44785
2745
19758
17756
13287
41601
22650
46922
38578
41320
35743
13214
48075
23214
31370
45476
43553
32206
43256
37373
22731
29090
13341
42497
28151
5936
7639
8988
11764
46368
46382
22881
49094
16121
6969
28713
7702
29599
25616
12613
37252
11339
25807
1659
34533
23509
47115
44418
22047
6703
48124
11111
35773
11445
19940
13905
33713
27559
39225
45457
40260
35587
34670
39334
18040
41619
18027
42075
37551
43623
4668
24783
21294
46807
42774
22159
36648
39869
32910
8676
12904
31014
19767
15010
8791
6039
45247
42484
33579
34452
4274
23819
36371
38924
29485
4392
46876
47492
12799
34407
7448
17447
25522
28722
30586
18276
862
17214
24477
33752
42222
37361
31098
28321
2351
6221
34341
47578
48685
34252
48362
19291
8051
34714
24548
37516
39086
21404
1340
1865
22143
8768
35644
13997
3823
32562
48605
21017
16108
23062
21101
8311
26755
18531
2964
45439
24732
37285
42997
39749
21517
41340
9021
45900
42386
49901
49748
31452
37637
1069
49649
9760
26169
1625
40089
46324
519
38674
17321
16607
11716
38402
41250
4803
23265
44195
222
47977
47812
43200
37707
19310
872
13060
15190
43238
12941
14919
41022
558
32320
7003
26650
24821
24960
16719
21126
25459
21725
38427
8398
33421
43162
15981
38204
16407
26508
38407
30717
24300
47939
18404
43590
15143
31444
25113
24713
10717
40012
32067
11255
22312
39050
4237
13465
30342
20936
34571
22133
8993
39331
46863
42394
48825
12824
46930
31564
39312
1669
12261
13593
15940
46997
23515
47415
28421
48608
22108
39118
38600
4155
16705
27244
9537
20922
40690
6211
8190
41593
28324
17163
30904
25168
25889
29709
4324
39152
11254
43617
7153
39847
23542
39426
36825
47037
36821
31578
45626
25262
37029
558
45749
3714
27783
5267
40969
34805
11458
15491
26378
6115
48987
7263
31263
24856
3304
35567
30340
30890
45516
37474
20718
19038
26880
23875
16056
30033
5433
28014
5275
42442
28552
1005
12489
22667
22604
3438
