37939
37513
34439
20540
1906
1371
26714
48619
13206
22768
12925
39903
7235
21499
1100
47030
7636
18431
23375
9144
10024
45258
1754
16610
15035
37072
32109
30506
1363
17853
23375
5634
21698
7795
42507
23584
9146
35553
38535
38684
8301
1441
44919
15517
39272
12351
12527
13240
30763
2234
22365
40767
13825
40451
7357
28840
27504
39446
9326
45199
23631
49033
17166
45309
23160
9653
35225
48638
45186
40093
3654
19820
41514
48553
1669
30766
10885
30528
43986
41628
32742
32683
48727
46547
39467
6064
41719
16951
11842
17377
28482
1805
32743
45628
13446
5883
5261
48651
4502
16780
38724
8136
2932
46570
23022
4581
43668
33887
35089
3987
41847
17811
3002
40554
30691
42449
12950
22390
9380
41124
6100
37843
42909
38823
33451
6335
44686
5045
21318
15520
38157
26375
23637
41069
39277
12991
45630
32926
46858
30699
36893
38685
48490
39875
45571
29161
32305
24853
17884
8017
15957
23964
12192
25198
12767
45624
47865
23785
17001
35515
39286
5138
28222
29255
46187
17480
42226
8149
16738
5416
38828
3611
44081
3650
9818
5984
49144
42103
30817
17008
16453
13106
7304
28625
4636
36403
40581
2481
10168
23914
4328
49434
29032
32531
45021
41551
16343
37227
49680
33061
42623
4840
3004
3036
8471
12802
25352
7595
21238
6149
40935
37671
35587
14571
32628
40203
954
23190
9016
27454
47084
29677
43221
42449
28540
38222
332
44863
41782
16345
27904
34385
21165
30888
3754
45968
10022
29086
19895
31240
1568
10810
35243
3487
41713
17852
43671
42647
7374
19019
20082
20790
15028
13283
13219
43548
17837
29884
38391
9599
46209
32627
10317
17354
29847
14051
29655
39850
43117
49530
37422
11017
26673
22646
14485
18366
6830
24488
10994
14184
43487
47408
1306
8496
27023
30858
2024
11192
10722
6748
20772
6911
39355
31069
40597
35535
45100
20232
41717
4549
36095
29119
15547
12748
18097
46364
31094
24907
20832
8420
5423
30651
5808
23062
5479
49163
3900
7484
10336
14602
30564
31088
37845
36251
28489
44774
21766
39921
31339
13463
44450
17414
8915
26329
30142
26992
22673
11216
18232
43485
35969
39987
40469
41757
13029
45928
7253
33261
19744
33921
14195
288
31341
2020
2872
9810
46775
24618
49711
44446
4414
10493
11840
29661
3155
41962
22985
25808
19510
41197
35626
5459
47517
26075
13549
26878
21983
37134
10120
8060
21035
24295
8328
2356
42648
11180
28498
5755
2131
44541
181
22877
5014
12001
2518
8149
20295
25483
290
39785
33013
2248
11577
46862
28303
25106
23720
16618
28572
172
24658
49587
40800
49319
18275
33428
26831
46753
39163
28942
7626
39324
18151
12620
17657
20649
37102
37932
12465
37372
44049
45458
39600
5606
42300
34235
47044
32352
17185
25596
32505
8176
41515
23285
7475
9770
23045
638
22855
12188
45913
30461
17844
14044
9414
35481
34674
12848
39745
47119
16552
126
8909
22484
5713
17541
6699
19089
49873
40216
11018
48710
48372
2513
21975
22179
28616
45000
39150
1451
23520
35043
48245
7696
49067
23991
9509
73
36819
49234
47172
3351
49341
22413
25815
21386
39934
48846
40455
6140
39042
1453
4830
3747
20299
43138
42258
48895
38118
31388
16678
27971
16411
31255
35647
15459
5226
45137
15512
42025
10703
29017
11708
10024
17762
37503
47742
24029
36329
38178
30149
41704
5963
1311
11783
42594
44429
4021
7821
48880
1742
24480
26831
34485
22067
28810
16276
43626
23927
48121
35631
34611
27118
13672
10967
11212
17507
8690
35221
3817
13200
31702
11853
35495
32994
23616
28070
43755
43969
35871
42615
45691
26683
35778
46509
15083
14569
12765
8689
38476
10866
10652
39419
4316
24304
367
15509
41792
25389
17062
11941
38569
48745
40126
24044
48071
30074
18446
41806
24023
4298
754
36047
47313
36512
32536
28728
1061
45281
37397
39518
6128
48030
45269
10424
38666
45616
42265
30438
20985
9308
8711
25886
24385
48817
49911
38788
28871
18337
46926
19227
38967
47660
5254
2613
34153
4122
31321
1546
15735
18699
7396
38195
33061
2646
48600
21707
14594
7197
2126
1912
32837
27169
27778
23554
25967
27669
12322
21170
12339
25581
40377
17638
39573
45611
20231
23706
16065
17885
41585
31781
2916
48961
19956
35957
1587
34888
7644
16162
42066
26102
18054
41235
3252
45812
14770
45551
39814
43424
16701
18485
18985
7059
36103
8539
19002
22667
48577
1400
40532
40142
33161
43428
5436
19449
45717
7003
4318
3341
39497
12716
45776
23883
20283
15360
36028
35033
10891
42174
44790
43924
10639
30107
17315
13074
4978
36298
35721
3536
37678
42585
10010
37171
2345
31778
22952
48042
38762
27250
17716
44591
6298
29824
18455
26562
45164
20815
27927
22387
12969
22697
16291
23588
2785
33587
36642
24095
36217
38696
27611
40227
47613
3954
43730
49939
2064
16662
14313
7158
43893
48361
1730
16523
28165
36517
9417
23309
7312
3677
12028
20261
42706
28300
43829
11823
28219
46803
35899
14416
1831
29842
20975
49425
128
14685
15696
2173
31327
29989
9311
41552
44683
11021
8056
22828
47518
33805
12470
21162
37462
24478
41403
30149
19110
1564
8304
47309
14700
44183
28057
16511
24006
49012
32268
24114
13677
47944
26267
44985
44266
35559
36517
38929
12912
10905
28089
26763
11043
40539
47905
14837
31350
39289
11318
440
40833
19603
14082
21865
13766
8471
38357
37752
7464
20605
28199
37473
34882
4446
48790
29128
6337
1640
34389
19230
28877
12458
45973
39900
2978
43858
21070
660
33127
32368
17432
40293
1951
31494
28490
15698
39946
16827
19782
13742
3765
47961
17547
4979
18740
16318
439
25057
34290
34808
10619
13147
13598
6572
19380
32908
411
40430
33548
49870
22778
961
6495
41062
32435
34966
23092
38713
18125
9206
18787
38222
23500
2667
9533
42220
35317
9952
33609
19587
11092
44209
49066
24671
761
18426
7559
17504
25188
41088
33707
47947
42029
6534
5341
40796
7832
28413
45842
42290
37599
30961
46844
11079
33608
6358
19631
18905
32642
3221
4824
43715
47410
3871
18366
14503
38629
42257
48340
13798
33325
32027
28077
41686
4893
33398
48815
12706
28143
10989
21328
15722
41930
18152
43134
41871
24490
12745
27108
23465
15946
31913
17160
29688
2116
1858
44172
40725
44095
42492
20855
43753
40851
48912
35419
45724
48642
566
24762
26765
11535
46070
8820
3446
14203
1934
11649
5025
14659
38737
28470
30586
36982
11962
10254
5430
13800
20758
46136
24228
29582
33323
17961
20413
48568
19712
32470
47190
20259
23564
40288
31774
19615
49088
1552
150
1002
13181
21507
31993
18251
16310
12559
21565
28252
39146
26976
8385
9884
39444
32593
39447
22747
534
26192
21295
20226
8642
34818
40465
32187
41438
38572
18134
6858
40104
34616
24192
19618
6103
6165
4201
22393
35057
25746
626
24183
2702
8991
399
42126
7916
6178
31206
8430
32351
18833
44988
7325
3631
35434
5844
45049
40338
23958
18239
30422
8554
42411
16372
30990
48557
20553
3363
33594
46280
20321
7757
15314
29292
24488
7421
37188
30647
38607
11950
12978
7420
6919
20283
27384
8685
42460
38765
49003
32750
6985
45757
41285
49376
28462
22255
47913
48995
41950
47839
11607
12252
21928
26902
7876
46397
655
45045
27024
5594
23327
6334
29346
30226
42949
6710
5243
35389
11808
20578
18120
18773
16316
25737
34481
11110
14324
48727
10085
6254
46546
38025
18486
18455
14907
26343
31184
15542
37720
8188
37468
27379
14502
16794
23938
7431
23485
29161
9153
1625
49720
27253
36730
32368
2970
21191
43458
17274
36250
19875
23508
32777
7880
8327
17564
39119
1002
48728
20993
5054
23248
8441
32413
37730
25216
6331
11493
15033
35473
20626
16638
1525
14211
3348
225
17161
40871
43663
767
27102
29870
40608
26211
37731
48915
10107
26830
16249
8815
47804
21283
32043
6225
3676
36105
47773
26340
13930
12786
28145
889
45756
29650
15080
49084
29855
48574
6288
39850
49321
49722
19700
39909
25913
23763
5156
36000
16926
21385
11147
14710
42648
9522
37267
12657
11959
35021
38977
42221
14139
17102
43090
9876
13084
8151
25292
9271
6705
47912
15453
22358
47614
1485
12248
39859
25229
17384
42191
42135
5102
3318
23177
47730
29172
26776
26719
41111
28129
15676
33313
42249
49110
42735
18457
28526
866
10081
37777
23903
7974
19562
12594
5568
21028
24822
45408
46237
8538
37579
4704
29972
7230
44213
44035
36382
20969
20734
43826
49079
2743
43471
7660
1833
36186
26097
46692
3385
36158
34449
27268
44112
3992
39842
16013
41352
30996
11401
3921
5867
15312
8605
35819
22522
2798
29834
25237
40099
16901
19043
39158
19624
28846
46798
37789
15012
39227
34461
18377
41718
35243
11978
2162
5567
18152
18155
46899
15481
45888
800
21328
11181
25737
23479
35
28515
19646
41604
34946
36527
26979
24085
6131
5805
37215
43900
20798
42775
44694
39155
34473
29917
17465
36615
35464
35598
21103
32343
1059
16971
33123
38719
44484
25192
12178
10852
20039
48156
2436
4965
34663
29396
45382
7126
35181
32578
17359
5959
41685
12033
11447
42490
41930
28892
29085
27374
30822
16520
9697
31861
33472
9152
36912
44288
34324
15423
5120
4343
13559
7537
9288
48203
3265
4651
21661
4778
3561
39000
10718
11578
1013
38497
4048
42923
33721
49465
20277
14524
15966
46306
12717
15770
5438
15962
10038
6094
31365
31491
26769
44904
5360
36038
9439
8605
7021
31081
13363
26914
20061
40413
38472
21055
45242
42500
30310
45296
41945
568
26152
24243
46854
38849
39993
18625
4791
16364
41051
2488
47835
17801
47373
19527
20171
6792
28112
43524
37853
7807
20418
24247
14553
8870
11634
9775
17702
41924
5051
25979
42472
47535
203
5659
36365
6528
40616
7488
22872
31647
9957
37039
15780
23662
6546
35931
30434
990
29435
34620
8778
16185
25199
39663
41387
36813
15770
9069
28717
37154
1381
37522
34669
1564
43161
37366
24424
109
44835
47277
48088
21124
648
13849
44766
7175
16112
41532
24497
45528
42484
49607
28045
17663
39250
19413
20808
5001
44814
49506
42135
46175
3360
26784
47719
12853
14131
38476
12942
25298
35733
27362
12754
36361
41191
7500
9868
23636
15364
34346
35496
24181
33933
13521
8176
39516
32914
28965
44497
27709
44803
2964
23864
48143
46080
37916
27328
10191
26372
40250
1821
28437
17592
14555
31130
25116
38387
40979
48732
3732
41657
34208
44245
41922
47709
2401
31418
46956
47698
42247
24645
8833
11543
14841
23308
7604
2737
616
17775
45441
40846
19577
23858
24771
464
4969
16219
38832
12280
31283
8896
3917
31823
3121
12171
45864
21854
9922
42800
19533
18501
33777
44698
30025
48599
17987
37609
1316
18583
21716
46738
25762
7625
36928
16865
8070
41877
33064
46882
4137
30679
22110
24386
12482
25211
2890
8326
13397
12792
1107
49262
31273
34864
43941
27630
33443
11908
15219
1092
30471
3268
14162
6213
10873
1070
23058
35275
9280
22454
32137
29749
3113
20579
20468
15575
45770
23338
40234
25500
2462
41321
24742
33715
42517
18663
27678
42293
46903
42877
43365
27355
46125
23859
49900
23331
41261
39291
8586
16873
28077
7056
46603
31171
27615
17051
13078
39718
6721
3292
15198
9163
10945
6272
9210
19795
41268
36868
12068
38151
46078
21765
31838
8535
11956
48071
31846
3197
3694
6765
20051
31751
13801
32986
29254
41396
16369
8665
47446
23070
28289
28976
48565
39215
35229
7755
25342
26477
10956
37390
30960
23366
25487
12779
31881
37423
27182
30060
40600
30856
36805
26983
12587
586
9949
8174
8314
26298
16819
5741
49348
45088
1049
14245
635
36258
38333
25957
29067
49269
29679
10008
22615
5146
39119
20828
42549
16281
868
49482
47117
37653
26445
26036
4571
36375
34190
12866
29005
17341
34939
44686
28762
35968
8911
45729
38559
47224
38019
17606
12825
17678
43946
1772
22805
33045
22581
31686
15658
23429
31148
12755
27415
23926
5124
31966
10281
5646
11164
39266
22968
46083
33932
1710
48384
9176
13771
36923
6380
1770
20861
19186
19429
14788
37290
8566
14165
9851
6584
29804
49613
37713
42539
43360
11619
13995
25306
38232
19622
36451
43830
8922
48866
27743
26964
13582
3251
40715
485
9611
42466
37679
45129
11875
2447
32400
36773
16592
8583
43337
12728
8176
47382
21600
17868
25333
35575
43155
13545
5177
45938
7356
14079
11136
1431
41023
24699
4662
48071
41516
30605
40517
29175
25715
18724
47954
24447
5477
30879
33010
48794
43587
7519
12509
15167
25367
37822
17075
34854
17700
22232
47124
25036
2644
24593
42799
9999
49272
13793
8050
7120
10730
48547
2628
36425
17251
562
27204
39060
47773
26547
4187
41341
398
16676
22840
42097
20830
39895
26932
38510
28460
40388
13526
47436
14961
22657
7415
30565
2782
31798
37666
13493
30325
40274
16250
13909
7168
43435
2949
4922
36314
23468
12595
36692
40124
1767
28769
10935
7995
22033
15777
36435
28754
29284
33851
43695
18273
7598
24241
21036
39376
28239
861
36034
18493
17091
49923
41993
26858
19204
46895
13152
9005
25822
16176
15461
27570
44926
42728
35545
33291
8486
38312
12025
4102
38495
5701
22355
46073
46274
9723
1782
24493
26916
37796
9318
43988
4051
17643
37178
39587
30871
16663
48572
6673
32819
14014
575
44077
6722
2452
27349
15188
7096
39354
35622
45571
11387
7958
7977
23993
34013
9739
14818
10910
13867
40468
21230
17898
8092
8388
7465
38943
25031
22370
11948
24183
36364
12504
18240
9418
31288
45569
40939
38365
1256
26541
268
28975
831
8225
2949
1177
34296
17747
12067
48143
8196
49629
32373
16268
7997
39819
21543
49361
12169
33471
39876
14865
12307
8096
40615
43576
19998
47886
48273
21234
24408
48521
189
41571
23079
19470
42728
23707
37198
21127
21831
45374
20736
4184
27974
45066
10335
49497
10759
38836
32948
615
20033
45236
25043
10629
5144
45021
24847
3397
32587
15587
18250
49109
7139
7661
18559
16199
31349
5737
3659
19512
17443
24375
40028
45397
35773
344
11226
12864
5512
44155
13459
25526
5723
4835
2487
10847
49836
43666
30576
48756
9234
48806
47845
16353
22800
32736
48884
4129
4806
2523
39973
38581
43231
29981
311
45336
46657
11517
8181
2150
22004
37972
44008
27707
42787
12827
4886
8956
6473
35442
7692
15687
581
21869
48372
23361
20937
13589
27470
25723
16092
17423
14285
25655
13736
14576
20972
10374
42425
29133
28856
14410
17085
22844
42097
26205
2003
13316
1493
8456
48738
9165
40476
49299
47366
5180
22640
18283
18749
16442
10339
1174
197
24604
26809
13914
5512
47761
24268
47917
26874
3104
12307
10292
42280
20737
2829
44263
34033
4302
19051
49103
29799
25859
48383
27145
31020
37355
11760
16101
3778
22079
17255
3955
13015
44045
34201
18507
41786
8449
32757
34993
11533
11396
45265
20145
32113
14426
14388
32478
18708
49772
31562
48487
25611
29925
41964
22963
33612
20056
39045
37370
8468
6280
7658
21463
305
41839
6303
42072
16621
39040
27045
44486
416
38642
14612
48862
3048
45332
31320
38088
45084
12862
2907
20676
9119
11203
9971
42712
31239
48996
46414
39687
5257
20404
27483
5542
12224
33766
13946
45177
39138
40971
39643
39534
45945
4235
38376
48973
49548
36029
3393
44612
48871
6280
31620
24323
17463
41572
33367
15035
6900
29761
21054
12137
16498
48517
34012
45054
48615
47938
40211
37733
5242
29834
27248
1167
34050
31956
16473
49930
17965
19846
10874
33169
42459
8827
23824
9902
16731
7171
41269
23611
3264
12304
35729
19742
27153
19721
14776
25749
33991
4967
13462
39213
1134
7042
40361
1516
5331
6814
1426
39628
42992
28632
22777
35431
37439
12933
11666
4150
20084
2915
44094
39681
31551
29803
9403
8685
15856
40512
34414
49827
11811
47856
39021
12925
21231
45714
14421
26542
18860
15827
16150
11832
44440
5260
13596
48211
18173
25242
18694
4590
44489
12768
44251
26021
8903
19986
34686
24739
10478
19080
40898
22270
33268
46251
1527
4479
8297
15929
31001
27137
48088
13484
5302
8860
18724
18878
7052
3229
10452
25726
7799
4921
38474
2030
30922
47357
38349
31940
38428
48807
1000
45658
37409
601
41890
38917
5060
167
4826
2394
43637
19246
15858
48919
28087
914
34129
35119
4123
44561
27177
11903
15814
15631
30265
13069
29320
18594
44989
34080
33734
45970
29718
21123
12903
37940
26372
17943
4440
47530
36669
48057
16757
18859
13308
44824
19753
47417
29923
23857
41958
23432
2092
24104
5395
32337
37153
1047
17264
32123
35107
978
44425
31157
38433
7308
19078
14786
41583
23498
28648
28233
37887
45385
47072
1175
40189
16806
48572
36444
6995
6862
9856
25419
30946
15231
7736
18080
32610
41332
183
17697
8642
10940
48835
47056
18228
34245
28174
9791
7723
6802
4356
45590
2168
1409
13097
8689
34547
11649
11466
7874
18491
21302
33273
49417
2866
7341
33829
35456
48654
344
19486
23628
11264
34653
37016
29472
18878
15170
5596
42933
38305
9932
4855
6805
27673
17932
31826
28552
29561
43272
36406
48032
30907
36011
13781
105
9685
13943
35541
8319
14267
21359
48279
25512
5992
35276
4964
24850
426
26892
17763
5063
3157
22598
11848
30810
6862
10007
25695
36403
3259
28433
767
34146
14425
30881
34231
24090
44804
36105
48741
9051
7444
47000
34543
29769
32256
5840
20951
49015
32712
5047
20410
35849
43977
48591
32992
820
8578
8667
37203
11817
37080
4303
45944
17837
35164
46507
8259
29948
32592
6980
5331
6369
20313
39855
2470
18901
12027
23401
34248
44719
28428
4639
46901
38738
3210
29873
39538
28120
4872
43073
39917
8284
47356
2193
26102
32500
48681
34341
28780
47605
7654
34092
20306
27947
40279
39108
13180
2286
12490
47409
46985
7250
18380
10218
45968
21570
6423
1838
49670
11275
44892
5919
19540
8580
8093
11974
7413
23106
46295
36173
37043
20281
20245
23682
48208
26856
12770
11369
29122
25240
25110
42440
48823
43470
2638
11123
31372
25394
29294
31022
36649
24166
3273
22521
49078
27698
827
6471
784
13455
42625
4160
33716
29202
27822
31905
6039
40572
9606
1493
32145
34696
43913
30948
28146
12884
8403
25850
38258
37677
6852
41239
28175
26457
13741
27234
4136
30900
33685
21252
44335
42642
25392
28032
38177
3194
26269
10548
43747
2207
12021
25872
36883
5915
23152
31361
18779
31535
7191
7017
19193
30375
48236
13700
6812
28309
40914
27280
9190
24580
48513
19857
33554
23885
47869
21711
27060
40470
32239
37139
42657
44241
29343
29520
16488
18827
27213
35247
16694
736
8596
2219
47443
23164
15900
20588
1454
6794
47848
26976
47706
46341
46813
31241
36559
11015
2932
29951
1465
1504
17070
44103
45725
12745
39955
28545
31552
33501
13772
48226
34217
38700
426
47993
11844
32658
18561
13278
39432
32741
6586
37119
29063
3380
34692
31954
30727
37604
11885
32172
5440
45287
42607
1145
8012
32543
29670
5896
16024
9774
20454
16573
14806
37212
14546
26631
19850
49439
6241
9263
32161
12808
12714
27556
32520
47386
9490
13227
1322
21355
45379
6743
16622
37967
24220
40966
36842
20223
46842
19198
46329
17276
2103
11116
20821
32982
37727
40651
32401
43948
16246
14542
23088
28940
8430
5588
42658
17900
35147
43961
5587
46859
17036
38541
1158
41236
45839
37980
27791
42661
7158
24101
26270
9241
35197
13423
42203
39256
4054
40937
49536
20281
21811
22605
15553
30222
44525
8192
14454
29653
18485
36374
42844
35501
41247
43982
43069
37067
31942
20841
46060
5432
11274
38662
31005
12803
2065
39541
2039
6100
30458
1555
42713
18601
40492
8246
15155
1350
16418
29590
30983
34883
32296
40159
20364
23523
34121
29766
10570
16043
587
6611
37807
11841
11605
35144
40976
13651
24665
42995
19731
21455
10882
28776
40037
1355
37002
5172
19037
3401
1094
50000
38264
33370
40139
24961
23226
40592
4707
33776
22967
21626
6719
10754
49799
18305
45878
40755
31936
36876
82
17999
8311
10944
46755
14680
28631
89
36185
47648
3470
37259
13980
8067
36962
20451
49360
10168
11023
20399
10276
33970
8357
16976
11056
8136
1613
6915
15223
49881
10123
15285
34212
18414
42561
47299
49427
21173
47368
35592
35153
819
39183
49114
25218
26125
35897
40910
2625
13253
11289
12882
47203
19626
46190
24592
44094
14135
47839
9297
13996
7942
40914
48188
42688
49807
45467
42095
20960
42815
27667
22446
9966
33183
37892
35164
25640
23769
26054
28246
37002
3675
7460
538
23281
19982
25110
33707
34097
39281
42984
48073
47203
230
12593
39871
50018
8040
48299
37310
835
42298
9736
27134
25461
13960
12278
1082
37710
4665
45660
41044
8320
19452
7914
47934
39414
49356
31621
39843
38617
40938
4248
2152
7500
16821
8356
7498
24841
6635
11141
42008
48913
37209
19122
40707
1150
47733
8121
5192
2378
3761
12568
27030
39545
20463
41296
45291
36151
22898
35114
41101
30168
39342
43233
37648
22495
17921
11479
47316
24536
22600
5656
39782
9789
24759
30469
10919
22472
38570
16091
41182
8663
28640
18192
48188
15435
9469
43459
17918
48699
44905
8999
28847
579
18565
32827
23054
36466
44286
36702
27335
16866
42338
17097
26636
17077
47546
3887
5881
2448
36311
47043
11091
14931
31568
25611
46698
41017
35402
14596
39696
30287
39928
34875
47198
24825
17682
36584
11271
11949
23266
38586
45147
15584
22015
38115
48994
35893
41983
21207
38321
28274
18231
15744
9537
49779
41335
6215
7128
43069
37143
13156
23336
43403
48011
36866
18208
32025
23430
29460
10306
46676
34378
5434
28593
22726
43529
43919
8599
35492
15106
13253
30098
49669
28977
39615
49428
36645
12162
22888
29694
15638
36024
19363
9021
34015
6209
43562
32373
45972
39354
42659
8980
23712
48073
3905
12770
41583
47804
21350
43407
29243
34583
39838
28892
29892
29433
44653
16517
7928
17521
12544
39898
3526
48239
48899
3873
20780
8793
36226
16732
48127
28866
25693
38172
43271
29578
922
1186
43715
38604
44574
39290
23167
34392
18162
19392
30157
29147
2241
4417
46649
14765
44295
16507
29336
9527
36712
97
18300
22919
33161
16408
18117
25186
4560
27720
21097
21814
28887
14792
10399
39793
4062
49898
40517
38556
19270
20654
17684
21492
41404
30665
2589
35679
13504
31906
45186
196
48335
29819
39447
31476
12559
7544
22995
33451
35245
44072
5245
30464
25196
15624
20237
45590
31855
10734
478
1105
47720
34494
38929
39104
15139
41499
24764
44975
39737
36282
45152
4404
16081
34579
2212
44972
8456
25187
28403
10033
35591
33629
40477
27119
15585
10694
22689
47420
37760
23148
48506
35460
23974
3767
24545
5446
11598
15641
401
1315
1903
45533
22051
34317
30093
24244
29269
4881
15763
7653
14894
17687
7614
5351
44786
23179
32377
17456
20580
20117
6936
35418
21909
30890
39165
46434
36316
744
12055
36698
18391
30291
48563
6775
14588
44988
47351
10189
49849
13094
34174
31075
30761
41768
2758
41880
14928
1467
9316
1840
21564
32584
3590
9806
29806
42735
6220
32455
9811
34608
35485
44535
14879
34028
1290
45799
45349
48621
22320
45178
28047
6475
42586
25141
48223
45324
17001
29483
46772
42649
31303
34668
25213
34873
44454
21351
43941
17007
3786
20084
1595
5603
14599
32806
39612
15869
44937
1293
14470
17237
12803
42498
40044
5369
17619
38248
674
952
34063
13778
43581
31699
48426
18774
32904
9213
6457
26825
26200
10224
46890
44127
15807
27821
43265
21751
43671
38182
23024
24473
21751
2160
33303
11776
7509
17254
16356
24515
18186
399
4625
11747
32078
3032
30501
14963
28577
36939
8120
21109
13495
21342
31568
45634
49144
24813
33718
9147
29327
23074
33600
1058
25214
16884
12814
32704
34118
45502
23551
2285
45882
28157
14012
44292
47521
10846
25587
26078
14117
40
13519
43944
21362
45067
39558
36838
19860
23256
45965
49167
46311
29546
16557
37857
12762
29352
20541
46860
41186
44073
15477
37048
38562
45822
47673
36063
6648
23240
28473
37097
23260
41972
31021
10955
37019
36911
47773
23211
26500
43719
38710
39143
39597
5247
26980
2339
931
13854
49179
42098
24259
30989
29126
12801
26791
26779
48844
49771
16352
43649
36848
5944
35601
34201
16879
38952
37444
14633
12143
30276
24684
833
19399
14261
6060
12712
16580
6972
26546
32091
15402
785
29412
44508
13566
6183
37620
28742
5934
20304
22371
9114
26228
24304
9647
43088
13236
13424
24053
41711
43680
15069
42524
29412
29310
14916
42104
12222
38220
18630
10645
3602
19395
40038
14443
49293
12553
2043
44367
34820
38679
16718
10266
14887
7354
19894
24307
20570
49650
14692
12261
9662
29741
21117
39054
25383
36013
31138
3937
24214
16100
30915
44148
1827
20933
8571
1100
49818
26946
45447
34618
15605
28497
44865
46825
35831
31091
21112
22733
30721
2137
1326
40363
48210
22423
29398
23574
24769
26868
43843
15315
42949
24738
9443
44756
12003
17995
12189
11802
44921
7616
46400
26859
2446
7597
23664
4609
38668
11108
27323
19369
29577
28629
26065
27768
17385
21795
1322
42134
48643
11497
7429
7924
36216
16852
19013
14551
1179
31182
42685
12433
5130
5418
39272
23908
12995
29268
28498
1644
40356
22153
37345
19914
762
13390
47662
34479
35165
15316
26593
141
43145
34002
24397
45693
17187
43390
10225
18346
40904
2890
30759
12367
8288
36363
36255
21264
15611
14733
39240
5948
36866
26565
42194
3961
6288
6188
38420
7785
21484
31346
24258
14609
15328
48636
26635
48847
8358
36840
17174
49243
6062
14265
11590
14331
609
14177
1927
16200
28891
41147
38480
32089
34044
30654
2382
6664
36822
7135
14430
24638
38461
38668
5580
3769
3636
32195
18949
28327
35367
2455
27550
41409
16700
5472
5720
33641
19629
23979
16174
14852
15106
4634
13274
15483
1621
15636
22127
38423
22751
2889
29394
27544
7890
34954
31294
11506
33481
16575
6165
18828
19010
33695
10217
35690
5499
32270
35664
41461
22581
1818
22645
4020
22784
2251
19483
24385
34220
7942
29141
6951
10812
8515
828
18682
9801
32102
46520
43262
15009
2666
28422
33999
2693
4971
36021
24525
3573
21665
32318
26135
39815
4943
30135
12580
7175
15950
36945
41375
23872
16066
14658
1016
24561
15466
19678
694
13900
32531
10288
28889
1529
38690
12868
4202
9994
15222
45059
29899
36867
27357
6014
26663
32281
2481
39223
5788
18411
42500
13495
8616
8547
28133
9612
49440
9932
45623
115
40164
28134
10383
19034
29643
15406
48234
177
41732
13436
45217
21611
16636
22554
43958
9631
21167
46419
15186
26935
31163
7666
40410
39759
32545
34876
49351
31966
44788
44954
48413
34932
39420
8776
20298
19043
40514
18513
35553
32226
48281
30750
20170
14897
19636
14108
40860
40784
10507
6026
34051
8002
13673
24442
47741
46198
25650
13425
44496
36770
8359
42889
21682
14112
17998
8313
33135
8492
43158
18668
7051
41419
15750
43553
22649
35367
7641
29841
42483
34480
35848
26514
42463
15853
17288
40184
28383
42918
19941
22860
46020
44633
15729
17683
8725
59
42328
41840
24884
35466
26841
48267
43217
8923
41800
32198
10622
49421
12020
3085
33881
47848
45932
42676
30033
29552
49193
8396
38803
19114
31236
34803
13727
13298
18818
22432
13337
11126
30605
4553
12924
23778
2800
22474
32681
44580
4652
43284
10333
33004
12701
10547
47184
24965
3203
27197
4498
2376
35574
43281
21471
33142
28064
1530
46420
13215
23943
26090
24321
20880
30623
37226
44638
49756
9680
43651
10668
30664
3267
20982
13649
15949
31509
27165
7246
1044
4343
11724
19753
39897
21337
7556
23019
15734
9066
35772
28929
49341
11842
3230
20201
8797
6788
31171
24885
32800
24803
35534
29797
28050
22848
43426
10331
4337
20571
17558
21713
41246
45614
41446
47475
16932
48982
36827
48998
8029
22579
27907
23702
753
47469
43884
25882
20590
25035
748
3370
49818
2614
33147
44201
25442
42905
4512
46111
29809
38402
17804
37387
33997
9231
34843
17261
24545
21650
16239
32554
10561
10478
22589
27646
24279
16453
3508
44849
7820
20588
14552
23971
23182
47679
18152
48604
6917
38996
11047
3058
27379
28832
40425
27708
4395
25248
11301
28920
13230
43872
27807
23771
20682
376
17749
44941
33161
21238
39771
40961
8158
4303
31264
47673
18314
15748
12609
41563
4725
23637
44601
48436
2449
35007
42476
6824
26587
20109
2076
6150
13961
29863
46253
34623
46571
13983
29544
29712
1553
35647
37006
9691
39930
18250
7344
24577
331
36286
16120
21388
9903
27054
36156
28684
28393
28612
1840
4960
15053
3896
27442
28994
92
23676
29949
46643
37639
25825
26336
39172
11453
29674
48843
17715
47904
22520
8624
48215
8786
24725
35935
18669
18111
22071
13685
46484
663
15505
17776
15696
19381
45199
11022
19453
18855
7303
16077
6474
33109
8745
45626
10894
38399
10801
44941
2635
49653
3546
17183
24771
44603
3098
43420
12694
25150
23437
25510
42145
38922
43266
24174
8284
38445
1528
44069
23632
8812
26478
30086
8253
35203
42044
35479
39934
19178
30400
8902
18811
278
26065
43563
44861
45495
3315
23887
36977
26733
49377
45455
15635
42624
19609
40251
47401
37469
34301
21014
46261
10759
17432
20846
12295
9457
6305
18561
44967
36686
27443
13758
36944
3488
23653
48138
15316
43301
22005
2273
36366
37715
47708
1981
30319
33649
8565
44052
21099
9198
15046
33692
19937
32459
4519
48564
8248
10804
17106
3195
13822
44529
33285
17099
14350
23271
15217
29646
16552
3554
48251
2898
41249
12292
21211
37900
45921
29756
31933
17000
38934
13311
17025
25204
45750
21524
40100
20330
48660
7186
39857
28815
18048
23123
45894
32378
46374
27443
28356
29258
47329
42939
32136
38559
5211
19679
42791
1113
49416
24704
34445
4682
37996
1450
46218
78
39306
36299
20389
37947
9817
10226
33094
27845
49681
45320
26555
46035
39095
21243
41625
36404
14163
23741
41295
35706
43401
34067
36799
9149
8751
21225
30163
13079
39007
42714
13138
28294
45345
49859
32573
5142
10065
15647
49320
26079
27299
42207
38446
16374
29783
30052
2758
10278
3773
44034
45964
13506
28081
32744
38987
3164
20301
35483
16224
25640
44529
45694
3914
39854
45533
2819
11328
21930
34798
26980
47989
12077
19168
36416
28431
48931
16448
47522
9189
36553
7888
21485
16392
35949
4209
21711
5445
40842
23526
21649
16463
18035
33675
36709
7869
29188
39509
35530
1099
24287
12490
49068
2697
31638
1816
47460
46901
18244
44962
22422
21130
2830
43888
37502
5111
14429
9193
10537
21604
32700
48518
38047
17067
32174
41088
41269
27694
46929
26779
28773
37549
39249
44174
40226
37220
45970
37666
453
30547
48961
39208
1657
1771
33076
39139
23215
13837
14664
84
35421
13696
48582
39800
30744
47088
30869
38345
24763
44130
15104
19868
31659
4333
14022
21865
7885
26325
25864
8319
6852
24805
47507
24841
42908
46915
30312
32455
10732
11308
32519
12486
24985
31082
2266
22061
44502
49467
10386
19245
43578
41822
39094
25217
46135
19448
13415
20353
12105
5611
28652
35289
46748
42491
10110
5988
5738
40402
38424
16450
1691
20923
45268
43008
18337
13867
31401
29172
29666
8119
48397
23224
49921
3823
14774
12388
39604
44521
32721
1689
16464
27705
36959
13192
36528
13401
19160
42246
3784
23916
25029
21807
11172
20277
31147
45841
34124
12528
24993
30123
36979
23371
3327
36880
43526
34433
15600
49462
45286
48302
1132
11730
42339
4423
41254
28848
17804
26747
21074
37920
643
46083
26059
11795
32693
7186
7617
33149
