45241
11497
42619
27730
17534
38960
25176
19096
45105
44462
1576
24617
40932
48842
43920
1844
40847
13044
49308
29831
17792
3341
10702
33044
41685
37888
19661
41583
1376
38242
18213
12950
16071
10812
40660
49937
49752
15816
19013
11189
10259
36921
2139
1171
2095
46039
19347
42922
25415
18635
22733
43188
38308
49767
42564
29973
37636
28557
21537
5344
16779
39730
18274
49182
16875
25267
49100
32959
7415
18093
44129
34006
21347
46248
1509
23422
8619
20836
16325
367
39452
5390
9887
27740
5138
18783
24046
9106
47320
11915
14430
30431
17977
49037
29593
34832
40636
28673
17772
48031
13099
28233
32018
34426
24461
33507
7828
49412
4324
40485
49759
10108
45856
9626
37828
17326
44741
28206
26412
42041
40101
7174
22452
8059
22543
18378
9223
13159
13383
26975
27523
42814
5188
9521
27220
45981
9360
1381
45374
30016
8198
11465
40104
4034
37424
44265
37692
32145
22451
30436
24167
28885
3943
12951
36924
26466
47661
46127
5958
11025
39435
33461
3819
10955
42962
47372
6917
18654
15085
18623
48651
23263
30068
5087
43630
17472
15684
31302
49598
4468
11719
40097
33333
15642
19380
36589
8440
17022
49048
14378
44379
4815
47819
14530
15751
7113
11882
22648
25748
26947
7603
40731
16543
37651
12150
10153
21456
27815
41435
37386
32263
19486
43815
31928
1460
13175
34849
9881
46529
33877
40591
7240
38673
38391
21751
4404
11836
49965
43384
37564
26893
17319
44627
9768
4950
23110
19901
42738
905
27668
30104
49500
47135
23899
47760
14927
3407
32589
24788
49916
32798
31712
23489
21451
20083
45220
42187
31899
45165
1903
35796
38390
19202
46755
48138
24133
19845
18019
33203
37082
45668
13288
2914
9135
37167
654
24042
40554
33223
15163
6803
32354
46855
30272
3785
33270
25472
12305
31501
36969
14188
33629
25340
33371
30365
39810
23836
16542
7810
7019
3605
19810
20287
6499
45277
23787
23486
35651
30673
23041
794
37456
5375
13981
34060
25493
13583
25864
37778
45065
12814
1946
45026
4486
1649
25371
44276
25465
8246
18418
48817
28183
4560
35436
1014
49817
9203
24480
35449
39857
47502
2575
43645
19209
32889
27686
44682
46452
3530
32440
7849
32676
719
2856
37142
2348
44559
47751
27794
2785
16149
42943
30948
37042
28359
48295
36839
37543
22755
38620
43732
36589
7528
3709
22131
40397
31375
16793
3181
1238
15566
11011
246
16265
30199
37369
18593
24738
1452
12719
43856
17581
5642
24784
20955
33982
39411
24127
37857
12147
29079
31569
15068
36587
35258
37179
43316
32966
3953
46478
536
19499
23821
762
2096
4000
4463
20669
28718
5895
33369
38906
39809
5343
30023
10744
39305
19414
34851
27142
31541
13911
25043
46590
16830
26634
101
10127
25932
4034
22937
26448
39865
46738
27190
8293
17070
31634
28943
12120
37509
28644
1007
43650
319
31010
4375
39605
404
5558
33079
48278
19449
24455
11200
36260
1069
11281
12719
26981
31648
35636
19761
37845
48706
46931
46119
15756
44897
41394
44208
48739
20018
45195
42369
36669
42537
46724
26254
42922
18615
25666
41180
38044
16453
2360
40636
33854
29973
3335
27167
11601
5303
46908
49427
20341
43819
45526
2429
5049
3252
46618
3768
23250
8145
12469
26251
663
25526
2486
9917
44121
44484
1077
32145
10917
19769
39114
11103
49722
8781
38250
27656
30417
35138
27063
738
45289
38921
3148
318
42153
49746
20418
31735
24223
32868
7966
24866
8374
26784
34763
2475
37600
2172
952
14849
38273
6398
25932
4328
15160
14162
31964
11909
15632
25359
12627
10902
14260
15755
27552
22745
31833
14303
4460
6037
47151
28758
47235
21857
21875
31979
40664
9455
483
41596
24285
5089
14327
197
9397
45819
30692
7693
7708
46304
33032
20315
23538
13624
2403
1071
36349
568
15354
7141
22937
28837
2231
20153
17026
24086
18464
7670
33522
35279
15598
24139
40348
29905
40668
49725
25704
21340
7398
33392
33977
6762
20040
7495
20366
22423
24898
23047
39323
6584
30168
12241
35401
48732
32374
2407
22798
17170
10057
6300
2429
41988
30419
42758
21873
21068
8815
47558
8740
32546
47282
42697
39288
17302
173
9635
6057
41403
49014
45361
47968
29163
7582
49701
27875
6288
2089
17005
39790
28478
39638
42199
20446
36389
1289
8652
23789
26437
22542
32510
8963
19804
41539
48231
3439
41692
24198
25828
49428
23193
37521
47376
18688
11435
47057
12895
17703
15478
29880
23825
43937
19498
16005
30715
5868
33626
5699
29637
10043
28221
28479
18986
14358
19999
33550
34129
28023
7728
9937
27431
47253
47439
24787
15921
25206
38177
45148
42890
3635
25009
33047
13904
10839
15384
44600
33039
48991
16631
29009
25366
44833
7468
44333
25523
43799
44215
9632
21803
1923
35901
15566
15509
49672
40334
47762
24859
44843
42891
34081
48458
34232
17108
12343
45051
32473
23275
44423
31444
39886
23412
6790
1051
47212
17455
26554
7344
11650
36166
29127
29906
22048
44673
45395
21700
1339
43137
46539
46162
2360
30600
44601
36572
47689
23276
47956
46494
46531
42359
27918
2749
32103
1040
3781
45647
34828
46667
2971
46458
32814
48430
42696
21194
43084
4423
9226
10755
13893
5746
6898
16233
2678
17831
2786
16699
7439
722
13173
20302
9413
7423
23031
41496
24796
43144
3475
9604
39792
6427
22394
38938
4837
31423
10112
14253
35826
19318
24989
49699
41396
48219
15913
10407
16030
35031
43438
39801
2085
6592
10083
11478
30347
33094
19306
21475
42571
22761
31059
32343
45520
19786
21261
338
1189
47705
30923
3347
33355
22244
3027
24732
20443
35272
1471
2805
36635
44889
42586
38700
17813
2649
158
14493
2076
35796
35948
44627
8537
33340
43302
4038
3106
30895
20708
20627
28580
17963
40306
11915
40188
9665
2979
10611
44917
20782
29749
47884
15652
22315
36564
49797
41297
3054
14270
43353
38830
199
4312
13700
49871
47594
34070
19309
28469
21110
39916
7029
39053
30202
35276
29221
39848
4588
6165
1097
25350
35894
15314
7334
24541
1858
7112
15818
21245
37714
25503
26407
37893
29795
40087
4096
27369
40489
23385
5818
11579
13281
29179
613
9816
30788
46166
15996
35356
2311
33425
27038
4537
48719
705
29059
16910
24149
44857
4487
11843
20341
30874
16069
116
37294
20145
43818
27763
43511
49616
39323
23124
45128
6268
49272
25896
2414
15248
27584
21058
15006
20954
25575
30057
21639
4614
13299
45768
15804
17766
7592
2477
14973
39993
18925
18599
10118
12723
46342
3609
28672
1997
26714
23780
24597
42318
16008
26992
23899
9924
48030
38885
30858
39937
35274
18830
44532
48554
30930
26668
32652
4854
29125
47605
44827
48030
16184
4926
27086
28859
24867
5738
47188
1561
45850
21766
43860
28190
15090
17739
38094
13100
22956
18932
19369
8210
4094
30233
23096
35005
6881
5729
39839
2338
19666
34647
16701
2183
5905
43767
47374
30752
15837
44542
32294
28019
32640
42486
6189
47710
26557
44263
27142
15845
29527
46492
40387
49954
26705
13464
34939
33567
35525
24758
35885
21523
25737
2566
40038
31622
12665
37392
12355
44834
48267
10981
22833
30887
19799
29002
28578
46336
39597
5700
28513
35457
2172
18880
35391
45210
48676
36662
28757
533
27752
30974
22037
3470
49873
12055
1424
28870
15780
30111
23685
14027
41072
46498
11246
10851
41833
39804
23519
47762
11837
18364
49551
30341
37225
1274
25531
2233
37916
20620
2747
32001
17927
41116
1803
17780
19503
3207
12982
35263
33299
36647
15622
40703
49478
26849
17887
7643
32985
7738
5385
11154
26083
21269
41476
29640
22523
33339
31853
26772
3940
34580
8753
21847
42028
26888
5959
11512
30075
35273
13107
29706
21901
28710
20390
37711
21891
38257
45334
21208
45975
699
32343
38390
38300
23799
18010
10804
23470
49844
3908
27390
756
28993
15569
42765
5861
37860
20609
35916
23114
33696
31955
11347
12386
18677
49038
609
6914
44352
21798
19221
11383
20473
7592
49664
10604
41934
26800
34054
41758
47040
11425
8847
26013
43326
17944
31854
47519
38533
34102
20613
22209
32389
48292
928
1046
47310
17869
7940
7994
5999
43494
19357
26452
17418
35353
37036
9332
28485
21071
17423
25505
48828
42602
1498
42134
10526
49684
39633
15391
119
26578
3932
32488
24850
21192
33515
38492
39042
7787
46466
11373
17613
32156
37806
35011
17489
41174
10676
45955
12225
44431
37792
27385
37013
39271
35852
13871
5287
41817
45594
5386
18376
49506
37855
9558
37031
21350
48031
26053
45469
10829
3758
13063
42965
41544
48054
26787
32699
25062
39074
11256
35825
26846
38622
22818
32449
24454
3021
37717
16251
48595
43083
959
14434
47270
26850
1445
34952
41213
43830
30402
2022
47568
43445
11320
5445
7831
38087
4476
32874
27141
15712
18679
20319
20666
7830
2749
11452
27183
40446
44036
42111
33509
11327
6525
47112
38157
24302
32044
29350
18112
12426
47705
32012
5851
9005
37437
30015
13424
41893
12869
6897
23938
47880
27196
10936
22042
29925
22369
15558
20351
32737
7649
20193
44044
30506
33637
32182
4788
15661
27864
22880
28068
41901
4872
251
886
8642
30246
30642
16867
9447
3871
40785
23660
31048
1702
12034
27305
40403
27572
47637
23120
35201
34162
17144
15687
17779
15658
20455
49772
43503
9667
44172
35384
30872
44404
2603
5846
40982
49577
22693
16762
3429
13459
40402
34457
31493
2416
11742
21876
29969
25711
44976
31502
26205
12100
47170
10316
27739
33957
10069
37574
9957
4221
39290
7161
14957
41873
12987
22272
41431
35660
39014
11192
15451
29396
45629
46924
48144
23703
18780
44445
15747
30088
25928
41932
8521
39430
2229
36240
23367
28630
40146
49656
49183
29416
6797
14121
37622
19764
36373
45385
21757
41719
6557
37188
37447
2166
34093
35571
42201
19205
29997
7928
15626
22257
16193
24127
11667
18402
26699
1366
13364
16825
1003
12527
12573
24132
42980
175
10229
45685
45540
31966
37384
2077
19134
24811
20575
19559
26715
12757
5097
23044
20665
20703
45281
36838
44810
6928
21572
21489
24626
1268
4646
41961
30128
17199
16074
23088
33707
26283
35106
29227
8229
22470
31285
43695
13614
1840
29587
40309
30929
34664
13333
17927
21699
24946
21097
16489
31854
42650
4310
6460
10250
25288
48402
40358
42467
30808
29779
26154
7071
14865
21714
31632
3667
2979
41659
17261
21151
21226
23902
18413
22222
37215
36320
43901
12141
7397
26722
10327
16379
31012
33120
26610
6280
47854
33300
15080
28642
13059
7566
2045
27904
29260
50009
31552
48571
8000
48793
36055
45559
39028
4448
17761
42575
40748
27995
4697
14477
4697
31356
30837
2042
30808
23779
24654
28642
7059
6066
23616
20099
13613
41993
47983
9205
8334
45867
7757
16315
10993
10144
11854
50001
14572
45947
42556
21652
23922
13585
36109
44952
44922
33278
46974
42062
7037
37960
37037
14077
44007
10633
34156
7600
18959
48471
33137
27273
44319
7226
9920
5292
17350
38106
5273
48254
34034
14161
19886
24288
27727
22328
19220
22629
5586
32526
31023
28956
20467
18040
43013
14454
28654
43501
38386
13945
8304
37855
7550
18955
45062
33803
24227
12392
21889
45832
10627
22255
9974
46845
12876
4033
19153
32076
42994
41072
30935
23997
20008
1382
42018
29353
32168
37004
39186
36886
929
47470
24721
24811
16406
19763
8594
6965
48488
46816
19130
9095
19051
45436
22272
31907
49449
41406
30316
42423
48810
11231
16400
18798
28945
24750
14483
27445
11734
3649
30663
28995
17451
5364
3787
189
41460
12361
23487
39928
9157
42597
15355
44541
4365
37607
42780
20146
45345
23076
12549
44135
639
45281
29265
45916
20012
10080
39693
48078
13709
20336
27054
47493
25681
30821
47662
33473
9514
21129
23381
35004
30058
5068
29525
755
9007
22285
20881
4333
11694
49762
48448
12313
11376
44046
8210
47720
4106
47883
45778
34148
34552
22812
31621
26565
3613
45615
10018
29460
33077
49731
14444
29467
4779
43949
30203
13766
32566
17416
34431
44240
17159
32860
6534
44867
43238
31076
42567
47324
45291
38325
31452
46175
27470
29405
22720
31063
25001
32718
26855
24410
32429
41279
3857
3540
1560
392
33639
34107
17789
18050
44679
1280
890
1193
46127
10460
48601
5026
7765
10225
43331
5549
6380
20781
34935
29081
18177
26268
28131
11364
658
10541
2624
20847
30413
20516
37572
14032
4603
5341
32063
49263
22953
49285
16788
35412
9726
31722
40418
17471
8279
81
23000
14639
37195
24267
10052
21704
515
38164
33048
17505
15037
2004
38333
45430
22501
25885
9443
43436
47558
41486
9031
36843
40751
42152
22235
457
23854
28985
34260
32113
45398
7241
13084
32573
47840
39469
20609
48336
43965
3638
15821
8982
21974
20486
20744
44455
12703
30167
4224
26593
37985
13235
13416
45069
5367
1983
11858
29201
30948
46099
27646
26327
19672
7063
25232
17492
12864
45822
15808
6809
15792
47962
32123
37746
34780
2847
48534
47464
49347
2738
24037
3664
15953
3786
48713
21301
5749
10552
16834
36678
22983
10813
29337
42635
34208
4549
10107
47052
16703
42248
20193
32475
6542
2296
36554
41302
21475
35068
5098
37154
37786
45468
40799
3719
49234
5844
41352
4963
32728
24519
7973
5691
35312
3642
14658
19500
24524
24746
32884
41207
33326
3057
40015
6200
21685
26549
47482
9492
11597
18913
46627
15715
14361
3758
19414
13575
9582
27099
34870
42291
1598
9176
14314
3242
12798
28953
39074
37302
20031
21938
28490
3337
41327
18485
9517
29344
45014
23331
38816
22943
42224
1775
38638
6565
5513
24384
36472
31428
1463
21323
23699
19393
30479
4345
22615
43257
33278
11669
46892
3289
49939
25362
22958
41246
10179
32455
20570
5173
22119
25719
44448
14323
27474
33066
37221
49320
7430
23673
30728
25226
11328
20759
10951
41787
25084
33547
1377
8343
11548
48249
11612
27820
39943
903
19046
102
33338
5949
21607
5437
48000
32387
36093
41806
15433
23294
41106
39195
13299
21814
14401
24608
42553
41685
32727
33970
41564
34084
42293
3092
48665
20237
30892
4940
21120
16271
21374
20791
38552
9313
42560
36532
41680
44985
28318
7093
18259
35757
46269
31539
7551
27002
22479
16437
35019
5186
387
26563
5603
9012
29636
4248
45581
26860
25521
33034
9463
46875
20157
47995
6169
29049
859
47829
24015
45510
21255
8606
31247
33856
6477
38778
27190
28936
21547
12190
34103
38266
38733
39686
13610
34701
10266
25524
27894
35767
24890
37337
48975
45027
1665
5124
40408
2504
19285
14403
14346
40520
39342
45573
40708
45799
684
17879
24716
22211
46401
25151
26810
35114
14817
40400
36148
25063
32256
14022
27163
7126
1339
26118
18485
19336
47574
8874
21821
33191
39609
36147
40044
28931
48053
30732
24711
48717
14943
15759
37260
11324
40890
14050
46419
22039
20783
32547
13434
3019
12901
40577
10126
14220
33027
44943
33537
46933
3797
21690
30105
43387
24169
36481
38650
22202
17193
29693
37251
32117
45432
24492
9773
2654
4874
6172
24673
25637
5051
38088
44989
17932
44997
21447
48485
44357
16370
48354
7622
20148
36376
37707
29867
10525
24168
18497
49060
7694
48171
2643
6143
9935
43467
15896
12570
48322
38401
3575
40291
9784
7995
35260
27697
19325
23039
42514
30014
39390
40848
37616
25870
27204
25304
5717
4061
15804
40546
19453
39830
5049
22077
12305
14965
31876
28182
43867
30178
32915
47422
36802
42679
21750
38394
20356
7407
11414
29202
37401
784
20030
24997
42986
13566
16633
48683
33960
48770
5561
3393
38580
10591
41802
866
25536
40011
45380
35735
20169
28275
49489
23303
20934
21219
11678
7623
28606
23072
36805
15987
40188
23168
40965
49506
3066
7578
48169
37006
6328
3710
6732
11241
30633
14866
28439
6149
4857
23799
41864
41359
18406
41334
14642
5672
28885
42652
13275
23824
32056
16413
39791
22224
39561
47088
21710
42607
20999
36211
45946
43659
6254
2658
21232
36867
17504
49651
9349
38694
39782
17545
30033
8168
8859
11007
13821
4077
3640
43428
27881
35676
9821
34004
7881
15714
31073
45923
24654
2052
48467
20580
12043
21053
39570
33256
7900
23406
32887
33581
12080
22650
1107
42093
47150
26298
3081
27303
30355
6701
20712
24568
42357
46865
8553
16570
12560
39606
28826
3546
7990
43625
24106
36365
14658
13656
19601
38890
3394
18821
22452
15455
7803
39891
23880
4933
16169
43293
32217
12857
49974
19261
37405
8664
32458
45938
41566
44998
1876
36724
14876
26198
30329
38962
12544
11319
18950
32125
190
22325
926
38974
4112
8709
28845
27972
29975
11346
21246
28524
24183
37552
47765
27921
12548
30203
23839
20447
41534
42048
7151
6390
18226
3813
11685
30750
15112
46967
29208
31634
35624
30114
20588
39716
5156
15765
34021
35111
27092
21599
13615
17607
9131
27712
45508
38012
7895
35680
8439
15761
44060
31922
38484
12266
35715
149
9349
17160
13448
38537
48774
49053
18631
35695
5101
23767
17792
5454
25210
44864
27033
38805
28804
2497
16497
40644
40489
40725
26304
15260
6466
20344
47162
44930
48943
49210
11411
8272
16350
41192
46789
31456
6577
31752
17131
11658
21852
1256
17093
47042
46100
10458
35828
41236
12935
18657
31861
3404
9362
8145
18644
15809
44822
32139
27071
43745
31329
4815
18349
47659
45987
15118
45447
2544
13202
28911
30534
35034
30147
13959
32057
42579
24398
34217
33796
37313
2854
15637
7050
12197
40114
42026
44338
1268
24145
37741
44993
21806
8888
29674
35797
21207
44772
31225
40083
24307
10116
20598
9321
40243
889
7710
49154
41619
41907
32930
28913
44742
14899
2295
23271
4994
44301
33941
6242
34779
38014
17568
6565
46883
47222
42343
18070
8327
23548
8134
32614
49996
45064
41915
6571
45933
49606
5705
37533
7845
38616
32778
18919
3495
1405
42170
24821
12038
42443
31044
46797
30438
14944
19695
27301
12146
12018
11703
36805
1898
19817
19399
18226
14861
27647
24777
27127
43585
46814
30992
1410
35410
13750
20310
5238
31487
28812
46391
43505
21236
43767
40283
1654
8691
26310
45287
37170
4660
6970
23955
6538
26768
9687
24744
7961
37314
15853
1420
47231
12647
32392
48621
14390
12474
35263
35960
43941
14056
32331
37427
35272
26079
44042
3258
1102
20332
48525
4604
24972
5475
28540
47842
48575
4559
38918
22869
8205
4751
24269
5416
33730
6642
20369
48100
35448
5613
392
29370
19649
49056
16777
21253
25115
27151
40843
42549
47463
39348
47134
38767
11155
42006
36589
9711
46545
41839
48912
4730
12922
23161
26478
46632
46135
46827
11065
31564
18772
11437
10914
4753
10473
44023
25986
1920
21154
16809
10802
34949
22489
7916
23696
33625
16254
26617
9668
12779
18436
8560
33841
47690
31701
26651
44302
44169
23458
5347
25713
8563
33117
2959
13296
9922
46962
5615
28175
34448
38756
38957
19377
11226
13205
9405
11183
29439
2354
20831
8550
37122
45723
8723
34792
27404
35354
29074
37905
25144
754
13598
39
203
32889
13316
26457
29831
18911
4612
14259
7647
9901
49968
35205
39438
25705
46368
18857
28039
33531
43739
31493
29234
18794
16265
22971
20480
11672
10856
45605
28758
40787
45624
28941
23656
25272
21730
3468
44163
26323
34059
18143
2556
360
19680
41975
26045
16029
27164
20417
49540
37236
1890
28755
6010
18136
1706
26471
46140
28894
38408
24878
19661
364
20151
43298
25617
41861
13098
36112
34516
47137
20587
37053
47477
40248
45360
39855
22609
22504
10252
22129
9720
12122
17216
32063
46590
35254
8514
42710
14129
13254
33920
33770
13598
4051
27048
5547
12245
40126
7992
13093
3596
28559
126
17405
35139
45466
7240
7728
34303
33824
29838
10355
12279
13386
42398
8849
48621
892
17892
12730
30478
1792
46480
44057
22176
39861
49584
753
29967
7556
13826
49895
2448
30285
17281
37567
42083
40853
45276
26366
24658
41446
36702
36917
4812
45432
12098
3413
12657
29970
16123
43115
48095
28936
37152
20251
18777
3069
20984
15076
26957
1142
14952
45737
31407
48565
33285
23471
39398
44893
49817
14036
36319
2851
17285
7463
48264
29364
10857
10901
9314
43312
3996
7389
38580
7481
43972
23689
26882
31288
38746
20171
32411
20030
15889
30150
18575
15506
3601
24305
26731
19751
4674
13030
22582
21939
20473
37178
1283
47662
14411
26930
7307
34740
651
45867
8553
44604
19537
35415
42224
24615
21918
40967
10977
4139
21098
45884
19625
24679
20169
46336
44410
41175
25698
33325
13095
12504
20483
30710
26498
1227
7620
33785
35947
24604
45985
44480
35540
31854
46227
27744
22801
18125
18692
33758
22245
39770
45974
8202
30781
16123
20871
41524
7279
12901
24829
36706
25385
11644
17396
18216
12851
41349
18333
48778
15933
14298
9590
1453
12484
5797
45529
35265
23903
14201
35355
12480
20303
31309
20662
17417
13765
41513
8921
21024
4395
33730
24062
46112
45354
41438
14308
24538
49119
32622
23296
31384
13252
32867
32817
25717
38644
44679
27314
28879
8860
12650
41339
45496
43939
28334
12893
7684
36179
21794
45040
6906
21856
35434
19351
33542
43205
33639
8060
42304
32593
47689
23669
12178
46888
22818
4227
1864
17477
47873
30724
42670
10503
38395
4498
20775
16709
33723
44791
19221
21849
6164
26107
43685
41578
45438
27207
34763
45410
1600
43400
44335
49269
17049
6493
46137
6199
27052
47981
40009
24906
28685
49011
1741
33413
3489
38848
16454
37192
33620
35655
9021
6116
11743
19038
47674
23513
12577
48770
18903
14157
42150
13219
13406
25531
36044
25875
31710
29429
23837
38051
20667
18854
37042
22388
2247
40511
27569
35034
44035
27521
20669
19388
33617
48744
4758
47623
22238
17316
46373
41121
47805
4855
20672
11192
30366
23049
3399
28409
18810
27216
16440
39457
12403
3463
28177
30982
10306
5726
15996
20674
33227
36646
6394
16824
1722
11133
30780
23940
44781
27133
31394
42566
31969
18398
20090
28667
41427
23470
7056
26569
17018
23477
16006
29401
43272
10516
26716
19910
32574
42692
40564
15782
45670
46939
48938
47373
24404
29698
37645
19165
23164
19019
11711
21465
37398
48134
112
45157
21584
7149
21707
38582
46958
4045
34316
40210
14541
11012
10100
47096
20036
16997
29210
32039
30268
44480
45744
4652
24159
33369
40149
13655
2369
18192
35100
39747
16306
35192
1236
4222
8673
22923
9137
5611
43301
43433
45801
7822
20777
22234
21250
7145
39211
16792
5516
19459
11253
1240
40443
1744
34590
30572
15379
3291
48744
16811
9370
31383
1983
10586
35585
10637
33490
44702
32580
26771
4467
28362
925
41576
16928
38508
48702
6119
5280
4198
41910
32865
21771
32333
34589
6341
29237
16300
25964
27961
33091
35314
9324
1407
45880
11242
28376
45702
5924
10936
22453
10372
39278
39711
1928
6186
28199
16962
28637
49811
37493
20527
32657
9244
19192
17226
31917
48409
49859
7861
42703
32930
43155
18359
34317
39015
29581
12673
34698
1838
39942
23483
12190
45552
13174
30450
18071
7705
13745
46688
23849
1218
33548
6486
26794
2720
40044
8691
17462
39883
16532
10145
39146
26019
28484
23443
31366
24398
2449
16044
26216
42371
5860
4738
4255
35366
1520
22306
9404
15245
18975
33233
32795
18855
6051
9569
37907
12427
18240
5349
2291
1104
31826
7769
43455
26643
47544
24802
1021
49973
7178
43569
8676
13018
48287
12912
14717
49787
1550
24101
31365
20505
7314
14140
5692
29697
23690
43580
42104
8262
15261
10727
25699
47068
18476
19134
23691
16001
10268
41044
32306
17427
34593
7315
30425
49212
36559
11474
48979
38089
35555
30324
24927
9201
10797
30599
38878
34467
24159
30963
9061
39401
41670
34740
2801
26479
20207
42824
42460
30455
200
24746
47862
1125
32041
44620
317
18580
6074
15628
6650
7962
12285
31557
17143
23062
28488
22354
23861
2628
3297
32902
8361
11299
33975
27494
37758
20514
20298
46550
949
20478
21277
15144
21583
19650
26096
38232
4563
48502
3840
11193
6444
16105
9082
39920
5499
3902
12254
29340
6510
31883
28575
31203
9514
12530
25029
13605
49376
45307
10135
305
32117
47744
31781
3680
17375
24209
8244
21918
22692
12065
49443
45468
44502
24857
1720
49982
28739
30306
45654
1582
28521
24209
49117
4368
3071
24127
17953
2427
19414
28068
19065
17864
42145
17178
37876
9500
41368
46101
47750
30392
24498
13525
42192
18980
38362
43893
35294
33433
40531
30929
34995
19033
21470
445
23381
24522
24552
7666
43281
10298
2066
28678
28142
44191
45837
15999
20023
37185
28432
17753
33909
2910
31258
26081
21870
35952
36306
23497
19366
26818
4406
4341
12183
42208
4766
1896
33062
45650
9542
26324
5929
11588
4982
403
22112
17151
32734
42115
4316
11146
9849
38205
30388
7439
30619
2239
43372
16905
25716
12718
10055
46454
33391
22218
38642
4490
40446
38037
120
16320
30693
22381
44241
35655
39117
16333
19139
21831
8428
23435
49310
34609
27973
29678
8381
8572
48249
1733
41809
40297
30783
1845
3083
14154
40395
8058
34976
30822
46075
35077
47122
26748
23790
7695
28735
12887
24008
47854
1051
48769
37622
16693
49710
15575
12703
8071
40479
10933
26136
32268
1210
6899
445
20626
37386
40821
28664
22342
37975
24719
7399
1429
17799
47522
9105
46514
26741
49445
10701
44124
48194
48303
10797
47885
30210
23481
22288
20669
746
48405
19269
18288
21636
19695
38894
9002
26848
17538
31325
14803
8589
5056
16212
26368
2558
41649
39215
45632
41075
49896
39736
39249
14531
16866
3466
44721
6679
42087
15370
7405
6824
971
25673
28440
20646
30900
37423
13826
48418
18728
28609
23340
40116
11154
16040
42655
19135
5235
4619
10190
21463
44335
15772
35974
27533
35570
30675
34192
27637
12377
41577
793
13329
33583
29214
307
14463
32969
14114
29213
18029
9055
2533
8125
36541
18554
17112
5657
40121
21711
15827
11565
32379
47931
47519
9892
33482
44527
10417
27451
6884
1974
28225
36545
1889
23771
36833
16332
6720
17279
11878
24729
42666
14391
49186
29188
49277
16279
1177
39379
4322
33336
17276
3033
31248
31127
12906
14710
25634
39655
8493
48851
41609
36698
35376
9831
26801
38541
26143
33501
22152
38001
24562
14799
18725
23729
10319
34334
6340
11476
23693
26994
44792
7301
30008
42372
38409
9246
7062
14023
48881
31888
12854
6822
34918
14563
32985
11700
3084
9109
45181
25217
13442
36076
6348
48499
26137
16647
32814
48809
44455
22839
25783
39227
30121
22123
31580
18510
31349
4974
48865
46562
3194
28052
19717
38093
8947
2682
49773
12011
28123
11286
3560
7898
47342
9888
6377
23459
42867
5523
22248
37302
28343
14364
42862
24796
36467
24422
9638
34149
45728
24835
47043
48903
19219
16740
3328
28146
35755
3081
6490
13858
14347
10030
38088
11670
36251
10798
1461
29098
16301
40042
16381
10976
4386
9223
2104
40833
49977
11722
41314
12037
2890
38338
27272
22089
5058
30580
216
7145
49993
6686
20984
14321
33048
9052
42323
19279
36182
10116
48358
2464
138
31071
29772
4504
6626
31857
11670
6583
9911
2964
34952
12781
41282
12205
34851
12673
9117
1399
19798
9091
8065
40762
39744
7445
16147
48399
26705
2309
8495
41395
21105
8614
22446
858
29450
29052
49047
41100
1967
8938
44045
36899
21700
1659
49084
22883
14312
8182
24262
34091
33605
32307
41185
23329
39732
23664
21708
32769
25954
46535
24144
13391
21481
12922
30581
912
41954
29608
8344
10253
38527
18721
47133
26559
20361
12549
49422
34653
37063
23664
35076
20648
22303
26242
10309
28367
49886
31997
11117
42172
44865
1593
5544
16326
14496
2457
33570
22782
32046
8247
33016
36905
26948
30129
29796
47289
9010
29198
48275
46054
19194
49683
33034
7829
25905
43324
36176
42124
41653
13625
34276
36498
15199
6152
19157
46027
8590
2707
18789
6968
10934
18137
43853
4215
14598
23629
17836
23589
19159
16091
19623
4685
15755
2637
12494
7992
12293
48650
96
3927
28608
705
6757
43787
6837
25894
6146
31759
44934
24915
38707
22200
43033
48892
26395
7611
38853
44212
47532
7992
26635
33487
29009
8722
36105
41483
33047
14730
6466
33123
18637
35054
160
25375
45173
6978
17601
1299
5069
12515
42546
43757
1048
1911
8981
27423
9503
47815
37967
23367
22139
30935
6835
1129
39637
9272
42592
39016
23982
49038
22120
8952
34072
38612
659
29225
11922
18240
46856
16972
47088
39383
27061
48116
41274
36022
25519
17109
33817
29819
40457
5937
10734
13624
7046
16703
22876
15970
5700
46838
14989
44152
5770
15393
32744
6409
10951
44647
40982
7787
11599
38050
13502
38640
36146
4757
40994
27997
38198
24792
24148
28635
30709
34862
42239
4087
1546
31447
20037
23578
28266
35006
17710
368
16732
16786
23110
27663
27765
14072
35430
5696
18454
48913
10668
20932
20002
1643
48909
8180
26415
23038
3148
23456
24232
11719
27523
42110
43147
47540
15668
37745
48879
49710
38093
15591
32829
27535
43234
10574
7939
44996
16251
26373
10241
43251
13637
46575
44874
12527
4736
21269
1897
24216
44705
42461
35915
38560
34552
29042
36081
16552
16767
1292
32595
21193
33215
15404
15060
42781
42310
22980
37757
24893
15685
14331
18125
29303
27238
12979
8162
48306
34229
10039
22502
45266
2480
8398
159
3364
3772
2572
19897
36872
3844
2472
8045
37039
34208
39437
29800
26498
12397
33889
1372
28063
14552
19477
23698
41771
32436
31840
40057
32997
8211
12540
44596
27023
37270
44735
30368
7374
47287
245
44226
17463
19049
18603
4482
3237
8021
614
46067
36750
34483
47419
31145
49016
33228
4823
7119
31997
36643
47156
31326
11186
26028
25902
38190
29630
36969
18538
36985
588
35115
47543
18031
20496
16127
38845
40065
40480
39439
36112
27210
23903
49864
8336
39251
33072
13139
46350
31401
16115
43486
12708
43633
35847
38590
31803
15457
41892
16673
18774
42460
18120
16298
26824
4948
48757
15649
44993
39217
5069
47438
32759
45304
13634
41075
34535
46686
20547
30865
28068
2994
40683
7108
46607
42862
45678
44743
8300
3902
27748
27054
46343
45849
9684
39499
17129
8421
5128
12103
13970
26529
25873
13062
21813
39487
4117
22680
2505
40996
3525
46905
10322
10541
3993
23262
3383
16004
17985
28015
19886
12065
21402
32561
7894
31066
22040
41356
5820
27149
3439
36122
3658
45644
49164
41804
1463
19614
14464
3948
26942
34322
17186
37245
44843
21159
10487
14558
3495
44804
42554
23362
6849
30288
5903
31076
11334
44276
22412
33486
21405
42183
35941
41395
4159
35085
33179
5602
4679
13976
9530
31602
48278
43048
35179
9453
14188
11998
23991
17663
6782
32877
7357
29963
13145
29593
27371
40812
23849
49763
40630
11586
8278
26551
2961
12417
11617
2473
17999
32628
16429
43862
30562
14687
36890
15721
40472
17410
27699
14443
1406
813
47301
8743
30757
26778
38316
8108
33922
12145
24204
24533
23711
32462
1064
43005
11212
29013
45458
45543
11622
28219
39385
42164
9238
42608
24218
49690
9998
1897
14113
11384
2691
27746
36460
49780
20857
24756
24220
4759
3234
14756
29272
26925
13551
30317
36262
24743
25662
31700
20266
37264
26251
25984
45761
35469
34924
19959
35139
11254
21836
15585
38971
40859
9663
25411
6971
30500
16499
31172
1592
19713
45908
30844
12971
25791
27493
49213
514
3136
47246
37113
6732
39829
29429
2473
25279
30685
22412
26750
41919
44229
42315
47222
1420
18311
38965
8372
48791
5445
5876
363
41490
18116
47540
20793
43888
41365
36339
44382
44481
33565
47827
1194
23374
43588
3647
14985
24253
26040
41716
16153
36601
363
29707
4353
18654
18653
12705
33778
24078
18561
