36046
32590
13252
23005
22293
32912
26217
32152
33677
41798
31594
28944
6432
49058
7006
15103
19813
48241
43931
3950
24968
31338
41850
25591
43753
17890
3719
42778
41408
27668
25908
27435
26590
5492
16772
15216
4736
42970
47348
38394
1100
45274
33670
23864
10665
40656
5299
30458
38877
15563
34388
30177
46881
42571
22101
6966
10441
42152
16077
18181
19800
41965
45596
46370
13789
12349
11566
18506
21651
25246
6880
39083
36853
40530
29279
47498
47518
34558
44288
2728
101
45009
32885
13314
37560
4966
36613
14333
47098
2670
32494
33230
10967
28071
29581
24736
6752
7479
43222
44735
32706
16434
150
19539
23296
29409
33369
20795
30299
27637
23503
30381
22626
22720
10027
26518
27667
46620
40831
41097
49270
23306
24308
26569
17709
20221
1286
40793
44032
10840
1860
43070
43607
1990
28941
16883
31379
12290
4010
11658
6260
43845
8371
45218
16546
18379
21717
44193
31331
28880
1622
46934
2166
42262
23483
36207
28815
41101
43332
22828
18274
45172
15878
11861
47142
44800
45076
44853
23422
49067
22844
29662
42892
31195
24861
9418
15906
46558
19943
47218
25418
37898
10484
43917
30140
299
46456
25288
41381
6121
48096
9635
1273
13954
37828
14748
25086
32884
9581
48489
48283
32405
44483
7508
13581
19324
33258
45819
32214
3182
9369
23965
7412
19833
34214
3884
20113
47002
29152
11474
3103
27228
37441
4357
7515
25249
19085
48933
8113
28646
13754
22729
27384
8218
30217
40945
43874
13455
3096
26069
32969
12446
16366
40361
32259
560
10578
2352
47542
39710
30158
16978
33271
33931
21315
7118
9160
6732
6031
33606
35358
36118
6315
29074
44316
2864
36351
38170
16299
39428
30571
15601
1854
46917
5942
34093
13809
16500
2778
27684
22543
49268
44642
22146
33180
15937
29244
8672
39001
1607
42258
40691
37705
14905
19746
48353
34101
6077
36504
381
45485
33407
15962
47319
30305
38236
47745
10446
21069
503
38110
9944
49751
32732
32070
49263
15001
11294
7916
3982
29233
16506
44654
16919
47744
14380
15252
31825
36789
18088
48538
32255
1476
30832
29554
48113
35401
27279
8539
6450
44114
46630
32726
10198
45694
14776
9441
27028
42402
33689
47342
21615
16528
8328
38514
30604
39040
20099
12409
25810
38167
27280
8045
39623
24444
3931
37716
9825
31191
46236
32607
41637
9198
15313
1815
21224
46421
27589
14584
38803
11258
11907
10399
44118
20215
48893
24702
9236
18972
3444
1378
23472
30704
9403
13075
21480
13314
17124
31286
10837
29692
30225
2455
5222
45519
4250
26426
41920
48171
7343
30704
25762
19230
7435
19860
5777
6308
44543
31345
41613
14319
32703
15065
11355
42086
44472
32815
21733
27928
14081
32550
7600
44287
1337
12802
6138
21920
5561
14390
20071
12884
11426
45813
48446
18841
15654
4203
41482
26529
35529
33075
40828
34564
14472
18515
26631
25276
1310
14696
3185
15372
13578
27117
25991
14896
6252
48461
36796
11793
12831
6847
41009
24238
18993
39435
9411
34627
9970
873
27488
11831
33928
34648
46376
14732
3143
39339
6341
4433
4015
9506
36137
17573
2955
28460
48801
9187
26901
35577
20960
6065
8757
28301
46635
27730
17716
6026
28689
44019
6880
22509
5830
7140
7137
2186
21853
26612
41505
28174
47377
11852
4012
49847
45758
6947
44639
44539
32467
21521
30097
19759
43918
38834
48041
40533
16544
32089
12891
11565
26088
19751
34054
31899
26872
7523
34065
15057
34115
41903
9563
47824
3735
29907
47651
49473
3186
42271
43993
35633
30124
40422
5373
40374
29236
3394
30887
12112
35463
10110
40009
11532
29842
24043
9763
23046
31546
43808
38083
31993
2043
13978
29797
5759
43865
43781
21564
47031
2384
31889
32645
48840
22291
37998
39194
17859
7724
36413
46303
43167
46503
36292
21031
26325
10315
30774
15703
8193
40915
3766
40166
42938
17724
36296
15029
27921
30057
2926
24933
32421
34795
23910
47593
7067
28240
36767
24906
35944
23160
21190
45443
35995
7462
32807
28653
34110
29913
44336
42283
20808
48083
48782
30079
32139
35058
11440
26393
15095
14346
1306
13848
49122
41548
27773
22521
19768
14520
47407
5692
4012
34929
17467
39987
8724
254
18620
9166
30148
12937
1429
17288
27352
16543
13699
25823
1581
41472
2196
33008
5798
19834
13188
21252
11362
40941
43753
47462
21793
7493
19486
25785
42402
36934
32105
17458
3520
17057
26604
33648
46326
44366
17269
23658
10889
30948
15814
12451
22400
34342
11791
44531
4157
24960
32115
31851
32233
25849
29294
4007
49674
48760
46124
8408
2026
28209
25847
5527
45247
2431
5507
7905
46777
22756
31544
23999
20037
13690
2782
8769
48012
14553
3280
18501
5845
35376
333
4411
27557
45959
8398
27211
44699
20854
35599
13058
49044
11426
18565
10623
30190
24052
18508
43299
13141
16384
17278
33158
46406
20040
41907
44399
926
11520
12880
23103
13228
29545
27494
40765
25484
2224
34308
36516
23059
19887
49554
38435
47646
34451
15390
44168
24835
230
37447
37956
16595
21058
37446
29333
41078
45686
23712
8336
7186
2925
31420
36746
48802
8894
27491
24267
27451
28131
27115
490
47998
43001
38905
11976
27432
4275
6124
2247
4485
9904
6536
37412
30942
10314
16726
38352
5980
6770
46669
29498
9675
44421
16224
8458
3295
10047
49057
47078
38158
26152
47548
2489
35485
36433
30797
12897
7040
36902
31476
27858
13138
4344
15250
44060
14639
48308
32392
36951
5059
29041
16430
31066
23442
48986
5856
43070
25366
21245
40128
29856
13729
4009
32325
49194
6774
29455
28423
13795
32689
26232
41633
45807
30556
23215
39847
11527
37856
22219
48459
9247
17593
31221
6645
7367
30187
28834
16769
5533
59
23230
35370
30121
27219
34027
29295
33973
13462
7699
14100
12483
263
22065
8270
30799
11613
48097
42307
15801
36649
7098
25028
20574
38299
31653
44273
18466
26819
11023
40332
26859
585
42034
23312
44136
42393
2587
44441
22188
26618
8522
34651
26861
46919
42902
23993
8512
7331
32632
24293
43960
39710
15653
30866
27989
13639
25120
12787
40438
2475
3099
33629
3040
11465
6921
47156
3839
9489
41577
26007
2439
16431
10638
45633
13331
19872
19606
38175
27184
2218
28801
37476
41908
44434
18323
19877
8053
9775
32644
14824
12230
2076
48433
31602
13521
5335
28738
17340
31156
36647
9679
49927
3059
20298
45540
32722
40150
31478
20877
33666
33676
16010
21123
41916
10425
5778
28125
34810
15533
10750
15966
44095
29158
14380
25677
42659
36047
20747
26332
33535
7374
35991
33442
26765
22621
28963
9467
29104
10421
46677
12750
10430
12667
205
2326
39424
22315
30432
24215
37828
7514
40161
48255
3004
20873
23912
45643
6900
44639
38307
6767
18346
40631
40190
45091
29584
35485
20891
8668
12238
17548
37751
22648
30195
4288
41307
19600
26584
38071
10147
30744
11917
16640
28980
14901
3846
19224
26876
27078
30196
15164
33826
48522
22127
40348
9945
1691
25813
30816
26692
38031
48344
14423
27012
44872
18691
34651
30804
11607
39054
7283
42332
951
40255
21292
15832
44081
6848
9040
37492
37024
24184
21298
1878
12643
11626
11804
14315
3771
8952
40987
8134
7277
21742
1478
2129
6765
36109
49265
18353
25143
6528
10665
42426
46763
48289
24590
7177
21469
33611
44649
8474
24127
32279
26684
36751
43885
38468
17398
13988
47401
24717
22102
21010
46439
23561
39471
3184
26002
38716
37869
17478
11576
48514
9884
8319
13135
34455
31828
34585
18046
26457
9391
42153
8716
36055
28884
18933
40856
12614
32901
4589
37311
4984
41931
33730
44877
31382
3247
20859
36430
41096
38317
47986
5943
48182
22637
35410
48969
20798
36327
16995
47235
45698
25480
22284
48086
20697
41197
5274
33291
40431
26195
20583
45395
18106
20645
40252
15820
40224
27443
2230
47653
15741
16548
19928
30255
5517
5318
29204
26295
7978
12531
39863
3656
4343
28479
18074
25020
19656
23328
24644
10067
49503
11559
21794
33941
32184
28378
49741
38741
5802
18303
36374
37875
1183
6282
18110
23033
27932
13646
49308
35890
42509
5503
5879
46832
33962
23933
38185
19951
13594
12809
46350
29429
24348
34477
13351
22864
29187
29424
11585
1321
47708
14291
39176
48871
20553
23618
21884
48466
3596
37525
34336
46085
9360
40195
42898
9655
30461
47415
29586
10387
10204
42268
39796
884
26725
19479
40080
5893
48884
17998
23546
12924
32269
12703
11775
19155
2653
49992
17601
6230
3849
18269
2295
29541
24797
11525
39176
21590
8920
35094
31957
35456
27343
21733
2672
20400
7545
9085
42625
6409
27063
16152
19313
25664
45187
47420
44799
47820
13744
28732
4030
33925
46982
22658
13447
38111
34163
18955
9681
9416
4030
41618
44852
47705
29683
13857
34437
37208
22922
43395
9949
49965
9527
45594
25609
21046
9347
36741
35198
23071
15453
39209
23329
12415
28199
3108
16858
28694
22043
26519
38090
42405
18117
49275
6442
14133
13112
40860
1321
36014
34235
11251
2311
10094
23177
44252
47472
32504
30973
32650
5556
46407
38191
45217
25154
16370
48305
41993
45045
20328
18492
49467
29066
2942
48722
35488
17055
11814
26328
34708
47808
26895
12291
99
3321
35449
44332
773
17933
41637
33404
39821
38024
21575
35018
29511
4278
49655
37836
15655
36316
22660
15102
15362
25582
13805
830
8969
25599
43491
10010
39740
20366
22281
6171
40020
24062
16835
40773
8328
8453
40509
48129
46457
28417
49480
42300
32675
15467
30116
48310
1763
2757
13392
17105
44671
43529
17916
3621
35461
11387
29963
25181
48085
2224
47684
38085
42619
14500
45191
927
22933
35680
15388
35722
14077
31200
28003
46732
46648
8099
11374
48391
27188
41099
15477
21840
34608
49725
41793
36401
27444
21736
11562
25509
40292
9227
29927
32891
23707
25098
33798
12972
10758
49167
48674
41168
30347
43009
37880
26975
1089
15587
41699
44609
6666
7156
16429
7606
23213
8202
43988
637
29918
21882
42478
36543
47441
22385
19414
37480
13815
19545
432
40906
18692
49087
32054
15371
42076
36266
8679
9497
1833
16710
4087
24831
23846
36848
48770
13391
45031
9090
14008
41281
30952
6466
27804
28374
45184
47199
15834
8979
33076
32599
49865
1748
31666
48251
33451
40074
34498
8462
49552
2663
25152
19971
27475
15330
6799
42577
28701
18162
1647
42689
25776
48931
15488
3560
27285
10652
17091
9452
35963
147
42031
2161
18227
40029
392
18011
30083
34870
26453
45967
37514
17938
32270
31321
33248
5402
23878
28282
23544
41857
37303
49300
40768
2771
19193
34386
29755
2616
10170
15699
2744
18533
17840
37303
8542
34564
5294
4957
19415
48080
17257
23261
15998
15859
20914
15578
21241
11124
10192
11118
2961
47476
26750
43709
16579
45923
44427
46315
48520
4577
28346
17596
23090
12518
4879
47964
47062
10154
2902
32809
8214
36491
6050
40544
2330
43296
22454
39904
4400
32627
1002
23693
30083
27732
17383
12994
39988
28142
25641
38488
32700
3967
22416
22122
16465
27275
20067
29860
3761
39301
12649
28307
25772
35032
18831
44434
28308
41266
34318
49041
40225
35300
22714
36640
29365
6429
49614
19333
34552
25236
24153
33584
45535
46549
5686
28333
23804
42085
8173
27546
31366
37154
22185
7118
22166
40997
17885
16807
48595
2183
15828
38800
3816
4874
41772
33161
11284
41366
18826
12168
32934
42959
45732
28450
5840
17750
6763
45976
9816
31268
39854
41162
18402
12020
14613
40549
2997
32478
23688
17924
34641
5848
23056
4789
10702
14808
4282
21966
22506
23088
466
5421
32379
46178
203
38199
13909
6946
34156
23705
38194
40342
31199
22928
2342
45792
13457
5319
28250
3477
39575
29224
9305
12611
33993
36340
43751
4608
24638
16238
27676
25085
37991
26388
21243
38174
14567
1484
11452
15055
25169
15978
5378
6349
38886
24052
18473
18676
29352
46704
22133
35259
42260
47771
14203
42585
34091
7934
47173
8709
40504
41182
33774
28475
17550
21350
32981
48449
22814
44413
29837
47964
10371
35195
20645
15590
25579
39098
34246
4911
2134
6359
6503
44374
20462
20686
3292
4533
28600
445
29575
35437
41607
13329
13892
9137
34659
13206
23919
23806
23951
3736
38102
34303
5263
8727
49873
30822
14157
451
2066
16272
23142
8549
26978
43585
29215
30250
48098
24147
30676
44005
25916
38615
7315
6141
14085
8306
19327
37984
32092
43258
8052
20174
43893
13295
45233
10098
44097
9371
10529
12495
41975
33652
21024
18933
27217
16571
49164
41647
7051
46172
35633
32947
1119
9280
5420
31536
17566
24727
35852
15991
34318
43884
2497
28191
7159
47711
38270
17589
23414
15131
30064
15369
48763
17421
634
42312
324
16130
33940
7355
28634
19553
6635
46086
45165
12035
27602
29063
3095
13435
45034
37393
7299
13864
15564
30791
27907
20166
14712
17653
35278
11108
33002
34021
28509
49968
26314
45166
16079
26586
18853
11045
12471
25468
7111
7616
3836
34694
36659
6911
14461
48026
10636
38092
28222
42532
18863
6109
12679
49907
23742
47937
10996
23076
48290
5837
39376
40936
983
21787
33854
19817
32813
46305
11617
39904
20253
31785
40930
23245
5028
5371
21251
15644
43444
15805
8157
28639
21894
20816
28527
11968
35085
5855
1376
49707
11672
40732
6976
28988
12500
40810
15137
45293
3448
26734
1529
23681
24852
42440
46906
29860
14143
34489
45485
7567
274
19974
36187
38500
7122
31046
16800
8539
36881
18156
8226
48533
25221
31534
43853
37701
22325
8970
49326
25753
2037
17187
15766
26869
25959
12653
6709
40083
13474
18526
47630
13729
4832
149
2209
11934
31175
18990
20453
18036
3478
45012
32902
28679
26526
26735
32712
15183
35686
32018
7268
4055
15538
23015
30904
41477
2000
3945
31540
15454
38804
45503
45515
43616
45632
14057
5531
43140
33027
42316
11156
2837
37308
10390
31497
30167
37106
30541
45330
39124
28892
18931
43159
44410
41926
24043
35867
10258
44320
33740
42044
33104
29223
37540
26701
24835
1577
48564
17955
936
7212
45444
3753
44501
5814
1582
41000
9252
32104
2662
48356
10976
21573
7847
5366
29831
48222
7565
40069
42523
41285
32094
41959
20488
19614
18640
11656
37523
33536
45943
38439
40729
7719
42172
1562
29866
43735
42542
39098
42171
11536
3787
3127
33090
27966
24825
12901
26169
32370
19303
35024
39988
17729
26963
26808
3675
11936
4796
41178
45452
17072
29597
2513
24771
38101
4055
4617
31816
12929
10048
23967
24446
30167
43426
7516
8113
18231
36749
34262
16934
22384
19266
6902
40093
12562
33690
10100
24478
38467
1258
36262
5519
47187
38756
46622
35269
42791
17572
17065
22053
27600
7365
46479
24099
771
20327
32192
35335
23408
32787
2249
12125
18385
9131
2198
30927
9153
28631
5385
47600
29869
41628
19451
27037
30364
16054
12286
39487
49958
45683
27872
43890
19380
40683
17969
20132
27342
141
21799
731
32908
24028
12836
17626
49491
31366
48533
8624
26329
3899
22557
6179
11859
41988
49548
8555
24374
11814
14374
24312
23829
42227
18182
43190
32890
36131
29654
10213
2605
1433
27276
1845
41793
6444
19451
41264
4142
17965
49868
30452
38196
22405
2963
16387
30726
2491
24922
5080
30637
39276
45725
4446
47835
30239
13968
30706
16351
43602
7251
35288
11367
859
3465
3140
7283
39249
44384
27757
23546
10585
8189
11722
32970
11132
44441
13676
29955
19343
35089
10572
24951
30794
31351
22767
11013
45299
19805
43696
38882
43388
45316
16581
44227
48762
19702
17842
37991
30418
45579
11517
40983
3749
39571
23934
31213
33992
3942
11149
19667
39011
38053
10950
36137
19384
49
47131
14664
36186
7159
19878
29554
2456
36439
40113
17550
6121
7935
21873
36520
3495
49722
27483
23576
5625
17749
21121
5949
21672
48602
25596
27015
36636
2878
13133
6000
2908
26596
20644
5426
33735
6854
1313
2523
43274
41406
36405
15727
15674
8258
18579
19149
24312
12395
9057
29917
30124
30158
35846
18128
28741
27774
11476
15357
30633
24589
37689
49873
1165
24666
5279
1232
31500
6572
20088
41106
14311
22825
6814
29965
47416
41725
15446
21708
4100
24483
1606
557
20973
3784
35017
16046
31539
46473
47735
28504
21042
35405
28357
38539
10051
49968
6104
7883
22873
42524
48970
37164
15329
22116
33461
29077
13821
48887
766
34254
39702
18704
34791
10655
22468
36140
43034
20339
32594
40749
48823
19968
42486
27160
24840
2517
43461
47276
26733
16314
39780
25683
19810
21441
47779
3251
499
27932
18470
17597
12166
8152
36281
13289
18787
25081
49410
28153
45401
31984
18883
44204
18284
11349
37697
43104
30199
31138
40360
6912
13784
46472
48927
33574
17894
13038
3157
34725
40950
21607
2302
19449
29739
38563
32718
14858
29976
32108
42992
25357
30424
28207
35894
48689
39536
23571
8125
19715
21041
14818
42959
34805
27622
8218
34711
45496
21236
4200
46553
28519
25787
48835
14300
21858
3730
46998
3048
39
45439
46020
25376
42195
24207
11250
40864
30076
1153
15322
16123
38526
30120
25415
39663
7722
33613
24354
19551
21182
28534
32436
16033
20653
47604
30313
8843
17666
27291
11872
17685
39062
7872
43042
31238
48412
20624
38434
44820
38110
3736
10923
26616
188
36318
16260
24243
36264
6946
10126
7426
1813
42542
23439
22446
6478
3732
31270
24125
47355
9474
41790
2750
17326
1164
33968
32070
38121
22382
43222
26211
42451
4126
2807
8971
6776
35399
33194
43020
42326
9652
426
44119
2175
40197
32897
8633
43909
30499
49090
7597
39953
40861
10327
23612
42005
44275
5662
30106
32989
48865
22649
41772
19323
25437
724
26079
10816
33898
35432
19474
43531
35838
13573
12038
26016
12803
37003
36257
43282
36074
43834
33216
43267
20493
6808
1604
31100
28802
48043
14070
43999
20672
5822
13302
12441
6526
5714
39590
6757
41126
9044
16620
43296
38950
44990
19292
1733
48325
21882
44995
731
32048
28191
43978
2522
34979
45563
33602
30114
43586
14004
24093
30590
19807
37376
43012
42665
9422
32582
15754
528
41606
48706
43804
30536
10028
29429
32249
8334
1291
43577
9045
33319
21748
19356
2173
23060
14899
35756
3154
24817
49740
43579
5387
35879
47287
48379
28525
6689
30941
10611
23549
38880
9298
17334
35748
35658
13095
34330
43972
30718
27887
2998
30369
15967
22334
32523
5359
3565
18259
8493
44714
17979
18405
81
3839
15672
14793
48696
22342
12066
25639
45871
17278
1269
29537
3007
36908
8964
37317
30860
39662
31536
190
20012
47483
38856
18867
2823
8753
37106
27648
3447
21417
46033
19861
41588
28038
34634
6616
360
13032
32236
12563
30291
49837
8433
49630
36725
17377
3279
33918
23372
34795
440
9716
48610
39277
28563
17765
48010
15649
11746
17790
3398
24111
37631
44967
2129
38597
1563
18821
1609
131
31365
31880
49949
6130
47842
3006
23487
1101
3256
13191
35876
3677
22887
819
9286
1430
34916
7276
33411
46642
41398
36790
20734
29009
48089
39195
17586
15984
7997
19176
16096
5694
17388
32377
11804
15211
1715
1623
32644
4952
14795
34853
24961
37662
35652
34227
5425
20548
7835
38816
33523
49214
41938
20589
28203
40007
9764
45770
5972
34093
31278
38400
39767
14998
37109
17903
46541
38804
19507
29166
10088
34282
13999
35029
21924
15983
19236
43681
2863
27052
32478
36366
42598
40748
6935
20781
30736
33032
32883
3040
33457
30493
41420
23205
45472
28509
7440
8345
17293
26927
37491
43714
11189
17822
28723
49446
33785
14292
43107
2981
41324
41917
39327
254
32646
12595
21015
13362
11959
20231
32734
45396
704
24134
34933
12508
2623
42354
37186
36248
19261
41009
46294
46783
8812
24998
46209
8929
39270
5648
11890
46926
47546
17550
47160
46524
30125
34507
26218
42064
4718
8932
37440
21755
33046
38706
595
2001
31040
37761
4581
281
28751
856
47044
3895
42186
9585
29156
47788
15214
41027
44694
29092
8557
8186
25596
5014
42673
1794
13410
13724
10706
17182
1811
10084
5868
2386
12065
36888
6480
32978
37150
1563
166
526
5438
42332
10092
34574
40100
41638
41933
1126
20710
16822
9292
46286
38168
18298
14412
1558
32002
25098
18721
33793
35162
24569
2511
13559
11438
8971
12869
14920
10514
13016
31778
32284
5328
41850
33191
11761
33468
41456
12867
20510
8259
38492
16776
46407
6770
31168
14298
5104
22598
32999
38877
24092
23900
41368
37631
35318
16672
481
16570
43518
29829
48329
25783
1489
6511
25306
13230
6312
16742
42430
26802
41333
47254
9911
4073
4004
7411
18351
9088
46342
17682
14297
20414
41562
5645
24378
43213
38649
41191
26115
32148
21000
24424
7911
22469
47268
49549
2032
19912
16271
10794
46694
23937
8028
22937
27990
28364
30329
12673
37432
26651
30335
18061
13397
38229
40038
37755
31422
28668
28926
7518
10796
16258
48274
35039
5060
11874
34568
7072
31766
17171
17846
44793
41088
42206
17710
35410
20550
14371
14415
24314
7354
11082
42355
37084
49292
32373
24819
47046
27373
20078
20896
38149
36316
35503
23168
41356
47357
24068
14760
45456
41220
48938
40229
48640
41124
24271
34031
28006
4975
48426
2300
28661
25841
10987
15725
25113
9693
40525
22139
37046
26935
9368
41528
13231
44851
31028
20920
8540
5077
35660
3976
46277
931
44185
44897
42035
34789
45260
36374
39744
10019
5006
18385
35840
15974
34091
27285
41999
40948
15756
45377
17863
25104
36885
47426
19935
17894
34678
28456
22951
36671
48764
35560
37582
9282
46789
45949
44051
42030
32303
127
18381
37290
18492
4201
19596
18915
47818
11575
26195
13554
23284
10390
38639
10150
7797
24906
28024
42455
19694
17307
45458
18439
2847
33020
27701
49616
45302
38084
7978
27585
38191
26339
31207
23015
46872
17135
41911
44670
45042
34438
8205
18307
44809
13176
28437
18938
4414
22793
27725
24089
6432
23164
8860
9259
22516
2893
25207
17798
40957
49518
11716
45480
25837
9255
18475
39042
26371
26718
33692
37745
11137
8229
6032
22278
37737
801
41196
42132
39926
18901
32553
46338
42045
7745
21929
30894
10618
13469
48672
17907
12967
10368
13367
38784
19604
48174
44158
12307
24873
27831
32
2342
2392
22397
24600
40110
39530
32128
48574
29437
1009
31107
25755
9387
38832
14017
40261
15782
27466
38913
21
40413
15614
29720
45529
1550
27874
39668
30189
19079
17479
30201
21401
36203
18930
12333
26293
8441
44441
24847
37858
11783
22286
29945
37502
11098
43942
27743
43212
21388
32988
43213
11781
14934
22913
7291
16464
768
13291
12985
36179
47102
9519
23913
33285
28429
36226
9559
36850
47000
738
41040
25115
23005
37318
12597
435
31240
6672
43628
18961
5992
3173
47074
20907
26067
20697
3703
43167
33968
16669
29326
31050
26168
19571
14316
20929
22130
40207
24112
19110
40925
31484
10557
30262
18782
39486
30678
16355
46138
40638
35296
2110
43791
48702
39349
36190
19380
9385
45689
3328
42386
41348
34359
34886
10899
48655
5795
33009
5194
46239
2099
46099
27704
28988
42694
12818
18454
39704
29153
14572
30322
30781
33015
40445
29464
38696
42968
48824
48061
38637
18484
40427
29965
2823
41645
40845
17810
47421
23834
22984
9992
42266
35416
37676
21234
28090
475
6021
34126
45960
36925
14428
26722
19920
21205
22518
8597
30505
37674
22990
19123
6138
29750
15420
25294
21375
22597
9436
35128
12764
48753
45101
5010
501
49109
42576
44923
15916
48577
29029
11857
1835
9789
4911
21735
30974
43761
46664
27812
31415
19635
46915
3885
15717
28667
45511
37072
1245
21280
38533
13989
20013
49966
35331
20494
49055
44239
31749
31304
9149
10758
43141
10964
20527
14384
32679
17833
8125
45676
45625
5872
31643
8872
9737
47340
37520
21581
744
5097
42841
39257
35418
12834
5555
20729
49660
4591
31300
31389
2227
40429
42127
45348
1373
28986
26064
385
46799
34169
46041
8757
40021
27664
17609
16090
41336
21461
37651
42060
42890
30472
47650
28288
9638
3185
15349
25630
24108
46630
6999
26315
37039
15458
37995
4745
10776
14039
5110
23908
48188
17483
32645
4541
45127
16586
20612
2795
4380
24595
44835
47250
21400
8817
41871
31018
11983
7200
22981
2423
20162
29960
45071
7182
11751
33046
28259
22507
13418
33349
46395
27938
812
45372
48812
12271
11939
19404
15046
16299
10331
26213
29881
31711
1363
21732
29062
29678
28913
2023
32081
49055
48315
43484
22569
26398
26511
17160
48886
6261
489
11613
34179
17633
23318
32971
46236
35237
18707
27614
17868
45371
20160
47729
43414
21503
35794
22456
1161
14687
40811
49574
30074
5459
43039
18976
31837
35882
36116
47055
42123
2938
25001
42634
36903
48299
41938
33120
49868
26977
27066
34068
22328
47206
48129
15723
18689
33903
4511
36182
14922
11655
35737
11329
17094
28756
30285
15263
14618
32733
12299
23073
2003
37280
15687
38887
35559
7605
38339
1759
34563
15385
35807
23223
28924
33916
5278
13945
17800
9770
108
32702
37757
35825
10363
4831
30913
40628
20074
45511
39694
32353
34916
41677
35965
583
30544
37856
24521
18863
39595
25416
581
25382
48619
29485
25631
3878
43410
9763
29980
43498
8797
17717
45655
19141
22528
42900
9749
8934
4743
15775
7620
39639
7433
43565
40203
4309
47754
14704
39505
37329
40100
40066
29044
5051
35883
4655
8909
29273
30750
5221
39104
39527
22918
1091
8648
45426
43972
34730
20693
48695
485
28293
38315
24250
38190
44850
28540
35924
25886
18025
39586
32318
24423
34962
37349
10286
5949
12591
5891
36679
17792
44975
26186
40691
12399
34815
2449
6351
19525
39474
21378
36342
17747
9673
10573
22270
20855
39093
24526
46721
23450
30444
29019
14205
15386
16349
40823
21315
45272
46694
24326
13044
8002
493
20067
20381
35288
38849
43064
21145
28303
14422
7467
12383
40428
18020
34633
11263
23445
25491
7965
13227
5916
36964
43764
37634
19645
34567
25282
14897
31242
49588
44274
39224
61
14321
25937
1681
3150
18981
39158
31434
33383
12958
10149
23791
30958
44762
35035
20736
36585
42980
295
8833
46276
44040
46448
15902
28587
21710
30779
26161
37630
41385
31717
4024
5687
7634
22037
25169
26595
11176
22935
26311
24114
33064
82
21404
44158
1449
8472
30724
10761
8748
39537
7018
19120
2317
39252
14039
40359
36363
40181
27970
27729
38230
48326
33396
45845
20343
24897
38772
31499
47813
15063
21945
47209
31478
9682
41348
32907
18134
38404
10001
43214
44273
16999
12314
46571
6231
42686
36910
42574
49199
31212
36635
37409
29518
36363
33234
49842
11241
38339
47673
25386
3382
35951
22575
1192
45613
30255
432
13727
34991
10413
23274
29245
43744
1920
25796
16307
44586
29038
8861
43765
26583
45477
31155
22433
31820
30721
38607
9393
19040
2613
34759
38755
38544
23667
6279
34137
20254
6691
14196
5226
17084
37450
803
27160
39351
42931
43447
33917
21949
18641
44015
14864
30450
41502
37278
28602
38555
42217
37976
23928
44810
39067
12663
33334
29066
18922
17451
15653
41946
31628
20859
9010
35410
21642
2503
24741
14553
45930
24991
2834
14551
35338
34031
44981
26820
37641
23564
31707
29838
27872
5615
24629
33271
18258
7943
28670
3513
41727
44303
45439
39687
31494
20781
25077
19468
23264
16151
353
19175
7474
3167
58
42792
3530
45020
35944
41151
34916
17631
20970
29120
23227
45579
28723
7817
19854
7373
11310
11561
1656
23081
1228
33130
43843
42638
2578
33439
8769
2911
2594
16223
22411
2633
25347
25921
13985
11271
33405
15233
45234
4355
10685
34793
16266
39388
42591
36100
46742
20233
47642
48378
43295
15202
47841
3470
7820
399
36889
32921
19643
5816
15476
42034
24781
40803
34287
38746
18406
17672
20311
29973
38359
47328
14746
4605
36696
23669
7038
49770
43883
4660
14481
3510
36194
12302
23312
10347
29033
10181
9600
48656
15977
25057
7022
40738
32192
41290
45816
16931
25294
32459
46884
13634
46119
27962
34571
32796
1612
41589
48898
45475
12581
13359
15317
48756
41993
38609
25435
21007
15122
35015
35995
47432
10052
42998
4502
8577
620
16651
25488
25894
49090
22352
5860
11542
294
40412
10670
18238
31981
9548
30045
10895
39240
45342
9631
31213
283
35046
18552
15386
36393
4528
12798
46426
47506
17280
4983
48106
33911
46803
23980
49334
35487
46173
10856
2113
36565
21506
20332
34878
47386
357
45753
36606
45680
21716
34152
12295
6742
2684
27661
9468
7192
6791
5874
4678
24052
27189
19116
24295
23972
43077
39961
9439
5582
797
11532
42127
38635
48196
26985
2354
48534
39071
38940
10546
10767
23072
22821
33842
42089
16815
43290
49261
23586
49144
20272
13970
42665
39368
38246
32969
48777
28187
8740
4339
45317
36604
46446
284
34781
39764
2618
33295
28815
7891
43821
5914
47295
32974
39736
39364
49769
33006
4958
23336
48482
25210
37286
41127
14558
41864
40428
13316
36384
49148
33987
31681
35733
30414
48297
20494
36510
17248
20121
31657
25119
30274
37551
38746
13228
27268
28091
29330
10254
33029
18998
25069
24571
22616
16176
39109
14461
22937
18757
825
22065
2725
48838
7778
49471
13467
44604
35961
30695
14705
33950
22146
11311
21481
10873
24520
15081
5296
20182
25316
38305
39160
365
29208
11756
32873
18297
42549
5790
3387
43354
44188
6092
8524
18298
21895
21972
12883
24188
18999
43920
8118
41126
21564
29579
1979
46064
10993
7255
32578
36289
11892
21718
2986
41080
49806
2191
25709
42336
24314
29076
2022
18482
35148
26879
3112
7023
48831
32327
31191
17810
42580
5641
8916
14124
1553
27227
10168
12526
34462
9078
15147
12686
30776
34465
3746
46914
36636
29436
39230
27282
8492
7585
12096
9973
34444
15189
33328
49607
47496
30852
33749
40056
2825
8998
4160
4358
36205
30660
16864
37000
39718
31991
49666
36826
32788
19745
33721
19405
15513
39283
46667
40337
13200
25096
16642
13976
40265
49951
13563
37741
47135
47293
27778
49940
22623
48270
4279
8808
28911
37475
12140
34961
35799
28139
38120
18567
14216
21821
4304
29709
27436
17304
20026
6969
42380
36649
20925
32625
2932
34469
20346
16399
48094
14456
16319
20697
29059
36930
45837
24302
24386
24310
9243
10165
2429
47343
45064
16625
35496
49349
12666
29265
16633
49024
36214
8993
2005
23471
41598
4917
24272
28276
21296
22346
9065
3948
9375
38104
40858
21545
28738
15224
45835
37961
41721
14596
1637
36766
47553
3465
36095
10199
32710
2708
25555
35256
11681
27541
25060
19611
48790
49312
47867
36419
37991
23264
40347
47346
11348
47537
35223
40066
29094
47390
44360
20795
11966
12329
23893
9499
15774
26320
36030
14817
29008
11566
16405
7021
5439
41445
42964
4209
7090
40812
40608
45061
30408
47287
8739
41737
44805
43943
48135
23879
41313
8827
11006
3260
21136
34880
29091
3243
11180
31454
18040
6521
9352
777
29874
14771
42203
22819
35312
49273
29963
42253
10666
10351
39520
19385
18420
657
13308
32888
24516
20954
8047
1855
40546
29164
3067
19617
48739
30579
17403
16759
3432
26735
33868
33287
7838
42403
22438
43131
41656
18733
35364
18654
29064
41216
38020
13817
41854
17660
46685
32702
38594
4712
889
29120
208
3936
15070
48927
34496
32453
32018
37908
25521
15867
37527
33339
8250
26297
42802
16239
45010
44498
34873
24055
35695
39225
4204
43881
6866
17221
42915
45440
21913
43785
24541
38454
47701
39591
3713
48529
38376
35712
36418
13877
17911
40277
47197
42493
16555
6331
8712
11545
810
9918
1932
36485
49123
6116
46698
22321
23317
39593
17742
11563
33358
8615
16349
47392
48186
20042
45901
36542
22086
48651
400
39977
38909
13929
48803
21796
20240
7495
49673
37382
