27915
35586
41154
6691
41693
35114
44204
30182
9061
18346
2941
11237
40670
10398
13741
23586
27278
45768
35313
14321
37632
17063
34906
29079
49145
24979
35951
20442
34934
35027
29248
29181
36945
36734
2204
44970
21828
12741
41484
30869
31067
10757
8438
38069
37487
38511
11635
14745
34259
46929
29046
21872
13972
30284
17283
29449
5243
19567
49872
6509
4574
45452
35670
41499
48518
4207
2801
20327
16928
44265
17528
47975
5002
25947
2376
42469
30790
13991
23546
15030
27252
18924
36882
7556
49188
20497
36986
20763
40044
3190
27253
44598
14974
29255
2429
13472
33442
21562
33779
350
15807
1288
14657
37141
43567
17013
29590
24337
47337
19468
39347
24569
38372
42561
48458
3892
13039
1776
24636
19415
4946
18221
30346
19900
47456
32755
33352
30879
4298
33464
47561
36437
1084
28551
23559
44631
45544
19481
35300
42861
38930
40980
33763
43634
49873
48553
47507
29244
309
22123
48640
21587
40324
28966
7819
4112
28053
7503
1323
48683
40947
48865
35101
8363
43748
8640
2974
39272
44453
4607
48466
33363
45567
32209
26978
45420
47094
40817
24645
47383
29272
23265
35302
35928
18563
43101
40020
46596
584
41324
45260
7864
6521
30341
16207
249
5313
35514
5853
49746
40101
4299
49442
2000
2840
42752
13752
49914
33549
38377
13629
29153
27974
48911
15061
46517
8344
5061
43094
25261
12717
38334
49457
35570
35007
15644
2151
6652
17490
7985
22730
23923
28616
22152
42255
31437
31236
5988
47683
31117
44345
27645
10250
38652
26536
25291
35149
1213
46685
44575
26454
9382
49241
42243
11285
34228
24219
13416
7212
41690
37733
29923
31945
32682
2055
24181
14099
33272
30149
28114
14369
24474
5739
40952
29458
48608
16223
14588
49801
12888
9143
42587
38603
24717
34810
16220
25277
9009
45968
32470
17031
33682
12373
48957
16344
30760
39470
46775
30364
19599
41221
11066
10405
46941
1998
39844
45529
18201
20764
11662
47422
46239
4229
2357
20936
5371
18557
46194
30712
14505
28644
14076
14519
7349
29365
47195
38089
18815
10302
18434
38394
1504
29480
15131
48425
47810
4955
10286
15991
42051
21928
29745
38271
42489
32082
9187
14192
16971
21713
11236
31457
16689
25292
12308
24018
4637
9484
28440
23432
36118
46854
28158
37602
42666
43270
2359
40456
14557
28977
22779
6589
17237
2505
11192
9706
919
20359
40230
17871
8405
1447
15660
25074
26719
27948
49073
31337
3764
27493
21101
39863
40679
49240
43797
49677
8842
46137
40113
23379
25094
29224
46300
42312
48061
7472
18350
48961
44164
24913
33164
2549
42692
48804
27603
19391
43084
43008
17060
46829
20481
4494
3024
27492
3714
46801
27149
12536
9270
33594
2247
34345
12799
48528
42989
10840
22332
27671
26133
16476
18916
9277
19005
11588
24413
12941
30960
17478
5929
14352
14287
42743
18826
17291
20215
38872
30424
47345
1388
39675
30919
19968
40352
10050
18476
49673
20871
40788
27324
13336
23597
12573
22594
42582
24141
46987
21855
21433
30797
27765
35766
45064
36840
20924
28687
7035
9777
25444
20712
27497
15099
17964
47445
5431
27994
32253
5084
15197
23022
48740
28514
46599
11293
1088
5513
35415
14407
43701
23180
45185
21446
25278
6581
8266
46183
1601
31633
22292
27025
2326
49769
42104
20270
13547
13867
14596
45780
35283
29774
35134
34003
8268
48065
11629
9336
19911
13376
40075
13592
36536
35240
1370
11795
8154
9616
24310
9735
7581
46582
3092
9887
12683
45176
46489
26210
25375
11066
38323
10638
40820
23437
10973
49068
37835
38934
24736
7726
18642
14791
37650
5159
16364
39000
33286
40850
14948
7576
565
22509
20490
3637
32377
33153
15145
28846
25696
6852
6244
30351
33822
47044
20120
44775
12444
7935
42
37160
31993
18664
18284
19623
40155
980
24955
23421
8162
39883
47329
8707
12373
34151
28676
44730
17285
10153
39908
9313
16985
12485
5996
787
9509
26096
11894
21934
364
28268
25426
32337
46913
10042
18293
37048
27354
43228
26802
35496
49444
24111
10535
11797
8243
5543
22859
41860
15676
12747
17505
48993
25212
39833
16112
1054
15909
44339
39320
16253
22587
31078
14923
35832
7453
49548
39213
34787
9108
15995
36616
8532
6438
47131
36661
31013
2655
9500
39205
34663
38580
23042
33637
30124
12855
16081
31158
28745
10400
36810
11330
49320
17869
42585
1484
25302
8465
40677
26421
17554
6652
13017
42418
29423
10129
29060
26768
29116
38540
15954
13759
43452
38976
13728
23557
18164
29790
21047
13241
6522
7838
24551
22174
42039
33469
23639
33673
41914
14296
10074
25800
37281
23072
34551
33036
49533
13591
9784
28629
18463
25718
8720
11896
31027
22429
1785
49171
18551
22812
28744
41405
46982
3275
29912
39001
3076
3531
22654
11323
34159
49061
37103
37772
38465
21634
20788
4330
1557
30553
32939
36353
22603
7991
14581
19962
46752
16346
35465
31635
5490
14189
23021
2453
33797
2913
7786
36853
22776
46773
48156
6915
45814
1592
44668
34259
23206
31788
38569
41096
12321
37840
27429
1257
12163
41990
21199
8896
24668
6645
40511
30138
37166
29864
48923
20943
32757
6690
24129
5513
3443
22265
28761
15589
23837
39761
49828
13376
21529
4729
20804
183
8901
48213
17772
37396
6535
38951
46272
31183
11928
3116
27653
49075
32960
26557
36350
32050
33227
10459
3895
3002
32705
48988
18571
22874
38729
18379
2582
26591
39440
23366
26754
14673
37911
44506
2049
44426
49789
14654
25589
11698
17750
3223
27105
17042
46112
13435
15424
29319
23875
19300
32301
22912
18268
852
12118
23330
35563
14681
49901
41335
4379
26635
5988
42271
37473
24369
3029
37242
39003
28599
15272
23085
48154
8709
6460
44246
22125
21864
39897
12332
7496
22178
35224
25745
39362
47322
49055
41257
28335
48936
32572
49047
41903
4892
7650
29356
29241
10659
32930
34577
39238
14535
23994
3724
23224
30434
14302
45329
2279
4179
7641
9755
42689
9197
1832
32031
22852
17219
39620
17519
32487
22172
16546
24370
27044
24176
20058
22618
1168
2969
23527
40386
33836
47501
10443
7040
44268
24725
2350
46527
45237
26323
22614
37906
1853
40779
36270
24685
7978
25870
8536
40446
14375
41415
31148
7751
15571
1187
30349
16719
20488
20208
23438
4304
17690
213
11324
11938
41270
30006
24797
36487
22662
13743
40726
24495
20854
26976
15512
28813
19178
24028
35591
33533
31775
33071
41265
47327
34238
37946
30378
21058
8135
20148
41694
42157
36693
19351
20427
27944
49337
11556
30763
38331
25279
21469
29158
46114
48425
11002
41259
33936
1363
43182
17449
33118
26233
25046
46777
26804
12973
43488
14194
21088
13616
5869
29577
16642
25200
49984
44566
40869
11520
25309
45533
3131
46759
24671
15577
11516
35654
6816
45432
3349
16330
29214
36447
8896
4240
33205
35680
17193
26673
16206
4613
6621
22055
34170
23243
13587
486
17789
20789
11986
9431
16302
15098
22522
7305
30655
370
9291
3804
12135
12620
20114
41329
49048
45342
45549
32233
47354
29075
8886
13541
20
15487
1928
34171
5063
15496
34637
39184
36265
12956
48595
18899
28034
37449
26184
25021
37800
35456
28805
49915
48056
15252
7576
47084
10574
19457
45649
7909
48512
20867
37782
48513
2687
39690
49016
7730
5166
49985
46894
7763
12921
11822
26642
7287
15603
19159
32289
19735
20947
11074
19630
18983
42658
43538
32400
3213
12976
44381
27454
27820
15229
15216
26313
17896
4886
41661
41958
26385
41627
5184
480
20880
33338
43455
28148
48922
12594
10417
18637
33521
37823
4600
18836
30462
48118
17568
50007
27426
11930
27441
5227
27139
8989
47872
11367
30207
39514
3305
22924
47473
24821
23385
34685
8140
16820
12813
23394
45746
39562
42011
45599
27366
12943
14415
24160
11042
31964
24147
38448
10226
17920
10007
37345
43241
7860
15044
23428
13706
34681
12685
27511
9482
36050
12176
33954
19202
24970
7328
31280
30864
49320
26859
8210
12243
7606
48702
39617
5902
39181
44398
32460
23433
4385
19785
16654
28577
1161
6415
42263
35822
19080
19754
45285
21462
48263
29219
6996
39565
2880
38256
20409
2180
31447
44952
30755
5385
43634
20353
27620
32796
31083
10060
6209
1800
46178
39196
30358
47319
45591
38953
33122
31003
25040
44739
2445
23283
40290
9421
12828
43150
14009
33217
11662
45436
28149
42398
17153
38116
29083
44753
37244
10146
4794
43433
11926
952
48961
8616
14603
10884
47550
47705
41867
22570
8776
10644
45833
49047
36397
8641
42177
386
8190
3820
12154
2672
12550
29288
40768
41613
40373
27992
18091
11499
37757
29997
28783
36699
4946
43367
47563
2476
41052
5763
25026
49809
16387
37191
15188
2765
12164
23697
19483
20334
27497
31618
22986
6379
27238
30086
47972
17591
8058
16043
29071
45796
12373
7834
48827
17299
1181
12722
36107
8566
18465
11113
24707
1185
14636
6227
20282
26780
29904
39745
47094
23734
21343
36413
30093
14913
16479
28046
32485
24518
10421
27888
36646
39126
2054
1805
22757
3216
30859
8844
28114
15657
36289
19153
16822
905
25360
37084
27665
21596
26809
41092
45310
14485
27485
25384
29378
10296
19762
28195
1146
46515
6063
4124
1974
8098
5909
24711
27646
36749
49888
22092
18738
36157
7577
35540
3395
32917
38956
31040
4493
32097
38464
16136
12914
15929
7852
8625
42558
27594
36800
43684
40441
9196
47789
42395
33626
20030
17087
27604
23111
16955
49676
41829
19444
7233
27349
22819
6482
32637
20192
27307
14715
8636
43423
27609
40898
1255
36214
33436
45181
39347
43452
1955
48523
41221
44330
48481
11232
27749
26065
34323
11036
42073
26133
30461
49286
19814
3260
22100
18784
39784
49387
33479
48401
9143
27420
5631
26730
29967
39047
21892
35646
32479
23827
501
40033
34489
48962
1245
12219
25007
1900
23235
17060
44365
20028
32678
30512
23269
4758
49276
29385
20477
49087
27766
29600
42839
49729
22663
39138
38756
44535
24764
37568
34694
25245
43933
35515
40539
11510
47714
15526
13390
37282
48918
24088
7290
47928
20932
46891
19018
20188
26257
39476
35607
20355
35408
28426
20065
8051
33897
25153
18918
8641
12701
19944
33867
22966
5440
40738
34456
19486
6245
47827
6748
21495
38247
14019
35756
9159
10890
4754
45679
37127
10562
31266
7463
12303
26024
43860
36686
9901
18993
21937
34875
48027
41861
35074
20973
13633
25792
5410
33100
48369
19569
39828
19845
7796
3827
21933
33287
31050
43019
28946
34509
3562
26544
8304
32197
2548
2144
18863
28782
21118
40780
13637
19125
48974
15043
40078
12587
40815
11820
12019
39165
31369
1828
25342
5497
21987
47255
38764
19369
40254
17690
3859
10148
44214
12143
42325
13095
14268
27521
41857
1718
34633
21826
20823
49939
36849
27233
28859
27644
39034
40858
33141
36735
9018
8463
42213
47338
22050
30957
16687
28637
48628
36878
5117
9174
15354
47423
22249
45954
41276
14086
47652
42241
2244
34807
42161
39073
28372
37352
33050
17386
28190
32523
20454
3541
7319
12647
859
29349
43584
33878
24318
8544
37089
29416
17699
2423
43171
39928
48357
779
3995
12341
43000
22571
47128
1493
27977
41832
38825
11007
25551
33348
9862
45985
36869
17161
8612
4060
12843
2176
4270
37141
10701
41339
16537
28380
43742
26040
18288
8431
26799
38615
20752
19780
27519
34212
21253
5476
42377
26411
32815
17908
9739
42657
13873
12940
9799
22465
33332
22622
40973
37582
26095
1654
45254
8965
46366
5328
34985
30987
13740
11765
35934
824
31525
13433
1369
19110
18889
43726
11853
1684
11614
37924
44322
25467
844
20453
14264
508
9407
5217
38071
35482
23204
33305
44427
19550
38613
45745
16869
18685
7490
2784
35842
5347
16197
37191
24437
35067
47249
2623
3083
8843
40527
13737
642
7704
34170
31238
8192
9909
36435
12595
11724
25971
12232
22483
11854
17178
18208
28703
35843
25678
31467
38017
31005
13997
25188
21775
15396
38769
24378
18459
13944
31237
32177
14566
38921
32679
12136
13446
42569
14904
26021
4273
40855
38234
26736
2689
21744
44925
47725
23919
36935
45524
11917
34273
9501
3437
6028
24877
42187
46738
9669
6111
44307
41826
37010
33209
40837
49126
46635
33386
14010
38988
3991
21198
43554
30708
40219
15278
41965
37924
39178
28880
33429
17427
29485
9262
20844
35493
472
13011
48563
10121
19103
42851
18279
6093
42392
9096
5199
5359
42463
35542
44327
46434
6720
4214
43474
46919
19472
35419
1176
24982
30632
937
42389
10097
10179
13214
11923
10631
26205
26818
37084
11640
36001
5343
17713
28373
14420
39245
33712
23215
41119
44372
35981
14171
48566
29436
27422
34370
31187
28578
9333
28151
29495
18054
4581
6007
47600
32836
16618
23786
9634
3683
1758
45616
25358
19452
40321
6110
25029
24014
29305
16128
34718
15267
30279
33264
11035
7681
17614
8554
2592
43279
36686
32067
27666
41247
38054
25246
40415
21005
15364
29
41020
17103
11977
16358
36535
2279
22449
27896
26273
18086
44004
27323
49685
40615
10567
10700
48276
44513
19235
17200
4125
22253
49248
31771
29832
3634
6997
20227
40971
22342
20236
31971
39425
48546
14662
42292
805
3443
20168
43410
21509
30504
20713
21175
21099
47612
48207
35707
42105
17422
2888
12562
6007
18468
44313
35819
38434
1291
6026
29386
39965
42595
11337
45722
7473
42331
37994
8258
45754
24494
1648
17244
4978
38693
4751
26057
36285
2938
28096
44722
36693
30964
7265
42680
15764
1558
28480
4179
19181
838
33545
25478
9765
11214
21180
33570
3526
25506
41808
49260
49980
9788
16484
4938
48461
37567
47327
1078
40486
41756
45781
27159
22700
3026
19819
4797
4564
14631
8956
40078
31802
8833
15536
7899
20027
3049
41450
23533
28535
49590
39126
28496
9359
21942
49766
24152
9490
47074
25211
49956
38810
20972
27095
27842
40330
13246
48971
11226
44210
24259
1284
25992
33072
33153
33871
3080
36182
41653
42945
14697
41224
32051
43173
563
20326
9272
41047
29796
22678
16238
29732
27820
3542
23159
5642
43852
36385
20946
5059
30575
45185
22675
22899
28238
5808
23103
47650
41970
14736
6927
6648
5940
5311
16153
22835
25617
25405
13863
5393
48063
46433
1457
25863
49956
24596
47838
43788
27313
35116
15179
24221
30281
37835
47100
24851
43623
36535
38833
1926
1252
45741
24906
23524
17384
7391
12692
42981
32777
26535
14706
47172
39300
16143
39368
39236
7071
3538
49357
716
38634
14516
24917
35247
18683
38350
10079
12287
24865
48892
30545
42449
10965
5431
32306
44681
12802
44978
37642
11911
37845
18680
25416
27125
1155
14764
32694
24558
34634
32031
25255
39600
12879
16504
24827
31543
21186
1238
10162
12384
16463
40687
4813
27408
46098
37099
22070
25232
48409
26044
37124
36234
11057
12520
29692
12192
43616
12366
36731
44582
44377
11966
34162
23588
44802
8969
5111
15969
10188
15253
28333
26631
22272
49478
20371
18350
2910
8773
9915
1299
34798
13371
3866
45835
42223
33538
24359
35819
45884
11070
30381
6593
39368
30875
30161
34151
39824
1605
16452
49992
16838
44765
42955
39091
10575
13307
23773
13465
22060
20
31097
23190
13371
34943
19005
5574
34813
43345
7725
47029
20747
4438
3602
10096
35293
95
10579
25098
18032
27011
41422
34851
38108
710
40274
48663
13997
30379
28461
2389
30380
9538
25560
10083
44461
10897
31990
29254
4222
39695
26263
41302
10466
46197
17730
45739
12624
28289
37169
30637
21632
44924
31820
9720
45614
38426
24715
25943
18785
3156
28312
15497
12674
3852
41913
23467
14730
23883
2701
35284
29910
45296
42918
40356
7825
10628
2428
20430
38897
39577
1047
26861
833
49199
36561
12779
37605
27609
38702
22722
47097
33347
38200
9752
37179
46445
49551
18241
20308
2233
19858
198
13861
12756
6887
21667
23365
9295
8429
28594
15204
9456
5436
16018
8635
8329
45129
46220
35918
33812
35274
32996
17139
23454
9080
20650
36231
8611
5224
6519
27176
25062
23050
7370
4150
46269
29017
27495
5544
37426
22422
20728
13214
27838
3078
38181
36147
48188
733
38398
48332
35987
37726
31803
25774
46786
2433
11985
21729
7637
34837
48886
49031
24219
6236
3162
20468
1585
46989
25992
5343
19391
13052
18537
47209
32463
6698
49689
30631
23763
38067
45295
9730
25773
27078
35484
38891
45843
13802
10600
19813
14971
25818
35176
39170
32034
38318
25970
49951
1640
1942
5274
21011
31326
40143
34553
13769
13173
34222
10732
36916
38621
22359
12979
30726
15769
14795
35949
11593
28577
46529
47738
43528
38680
32894
49030
37046
37545
24980
36978
39165
43254
8584
10156
24561
48708
11041
4662
11861
45243
31727
15110
196
4066
28069
47254
19816
42844
33183
47741
21402
46045
45459
31262
34705
44685
30273
38083
32210
21585
25041
21355
14820
33606
47844
5713
48646
8865
26707
26839
4089
8414
41929
20617
28813
19978
34204
14961
29155
17367
12682
16889
29744
24473
48131
30781
19138
44736
18845
17681
16302
10218
39016
31102
10156
36840
3147
8782
45686
29834
35602
16107
38229
43863
3056
33374
30174
37240
48315
9309
20940
27329
26178
664
18134
24289
47778
3604
35358
32955
21265
1640
43153
10262
49074
3290
13434
18553
28404
9100
48367
30338
41539
2928
24182
44576
36282
4336
31796
929
29977
2716
44590
6135
19713
29056
46756
33823
32641
32094
16758
20238
66
26243
46832
15472
29513
10247
34005
24250
35679
32353
4568
27199
35261
45082
21755
37876
15750
19883
5137
45707
38932
49708
1822
24977
28744
48559
8780
27717
46985
25518
47936
47032
1741
44748
28836
47587
21327
12822
38169
6987
11507
42717
34166
46748
4132
22253
956
36214
8468
6074
31902
47380
22114
56
22337
17190
14947
31097
44888
11913
22947
9156
25277
41021
20236
4093
38588
41544
33247
26737
48511
44734
35786
49009
7815
6250
37594
8751
42445
46042
31157
24327
43403
19603
40715
15720
36774
5643
13150
47994
17536
36077
7130
9145
27078
27346
29570
31998
35222
12798
8715
33713
7512
10834
49054
31659
17064
36628
40391
25841
32651
37880
148
26034
7464
40844
8086
44218
12819
21216
42192
46687
23626
15654
5812
17036
9332
35362
49015
44535
14492
24062
44580
21985
34876
43615
3624
18273
46575
10347
44094
29206
14560
10575
21572
22004
17751
29639
32554
30550
17187
41078
27217
7145
6712
49361
24162
32376
34703
23157
26891
49176
47199
21452
37493
48408
31399
7449
33013
27954
34129
27087
23493
48669
3994
45045
37005
21725
41016
19539
18607
24536
10597
12156
31661
33641
11497
5803
15997
46181
28940
9221
11689
42472
47005
15514
40860
44736
22943
40205
22670
23404
33624
12495
22053
37599
23873
9038
25656
14869
44909
44244
5737
21838
6380
37379
5459
34210
43162
37789
46723
38435
13342
8392
47239
10327
40238
4431
21395
29513
44616
44045
2898
28220
22873
24931
15799
46726
302
7788
11575
45191
18364
17293
17010
41076
21004
38801
25266
30498
42922
21969
18913
22596
46693
16132
49255
36911
20543
20630
32757
31491
14656
35635
9692
3861
26898
41823
567
43532
49591
28474
5056
17935
12099
38398
25344
33083
27179
590
13562
36434
22540
48807
9010
35565
31272
24598
38809
18147
45208
21546
49619
26196
23513
9291
30037
391
17446
30584
43904
17018
25391
15292
1285
37470
3670
26609
36886
47181
43532
428
33595
32404
15567
8938
17949
46819
33516
6738
14947
45056
44616
30898
21233
18109
40169
1250
34833
7595
48167
45069
40945
23538
10341
8563
10988
13991
1504
14206
11152
45016
14614
11080
43752
46514
19998
11682
43313
19846
34752
24592
14882
45701
5470
36095
13790
11971
3678
48603
35899
1825
43652
26824
25343
20325
1719
2663
34296
3204
16850
45429
14552
47796
6489
8285
44290
42819
36299
3936
28997
37383
44860
10211
33064
16663
46287
13187
44966
16297
28122
30845
18102
38107
24002
9777
8412
25701
28772
42689
28885
11954
4450
9770
9731
10919
18035
20353
20070
20666
40621
49047
8029
1814
9238
7426
18457
21857
20593
13403
4486
48695
10581
22568
36782
34563
48677
11527
10244
43782
4196
5462
5716
24978
31564
15427
35877
49579
2113
22279
20225
9066
37658
44586
10860
13228
1992
45649
35066
22565
25385
5884
37593
2298
44785
40707
36841
43442
2214
13417
37204
6390
35211
9253
31348
16755
24660
33557
16314
43105
22168
2871
18504
9806
13790
29344
23015
15762
41326
24413
4660
33043
30277
42233
35321
25042
32920
22142
34817
35115
1891
38353
7837
37083
47586
5518
3818
22227
5407
36465
31664
27556
5668
148
37342
19438
45825
26689
35181
3483
1082
39821
36506
31340
48386
21807
22714
31286
10281
7511
32733
28504
45845
40551
15567
43411
12401
35718
31970
17788
38515
29967
11676
44163
30095
48999
13582
42252
42020
15095
45715
43083
21248
48553
40755
19614
36692
13449
17232
13305
20941
49946
41790
33118
6829
7337
26509
35562
9387
24812
3330
47882
4759
14987
42026
1186
30318
21940
43419
22318
3367
5466
31733
24595
4000
22468
10541
40672
35898
27753
3958
23171
44031
12080
22621
17192
35749
49110
2734
45117
23902
22397
42979
44993
3716
1337
46160
34014
39609
39559
22664
42956
45005
4378
33883
15337
43178
44404
5990
45408
38490
26280
34911
48853
38340
7512
16026
24069
22955
35092
19166
13189
7469
28478
8163
11165
46147
4303
11511
35737
10194
34156
28673
21531
4866
12537
36849
48024
23273
9171
43413
11743
35431
28304
10577
40103
35797
42935
14152
8732
28007
49651
21901
35457
44461
46396
12954
40588
679
24446
26305
10853
24934
21311
32365
29780
180
35546
27784
23433
44697
37529
35157
30108
32166
12066
20191
34295
21333
675
43007
49320
16658
31240
1109
11099
27617
14044
18020
44628
4822
10657
21814
29736
31948
20511
9496
48460
6037
3612
21874
714
7474
23363
47154
39620
35409
33677
23895
23074
34332
33234
22374
17323
30806
39816
44754
8403
20192
12754
19364
24994
39744
41158
21062
21672
11649
46890
20113
34018
16834
8319
34712
24288
31662
31846
13888
33403
15503
4115
6457
16167
37329
45163
33470
18116
34959
44557
42851
21483
7291
28547
46457
47015
19685
33851
35020
47666
30721
21465
31664
47536
29764
32708
21804
27758
14534
2025
27493
46369
6120
33930
28869
9782
29073
28671
44230
30365
23208
37061
1828
30480
15589
14618
43827
1606
48449
45179
15605
29151
16624
47249
43019
12720
46290
14803
6810
10804
33160
34283
23506
5613
18193
2355
15375
13599
31006
9585
10296
20547
12978
28456
17359
44899
43054
11166
12838
7836
6326
28423
36967
39282
42004
29966
18335
38274
11101
41477
15411
10594
25741
38897
16187
10266
7584
31542
40197
4922
7459
16825
25449
20417
45262
42788
31649
38296
20287
44467
46112
42945
22870
49411
48559
14854
45709
16874
19461
23143
24684
34852
33717
405
40081
49884
27003
47645
31406
17181
18899
5197
33986
44329
25594
29228
3449
7223
33857
23716
1670
46301
16641
40872
12045
15181
22059
7734
48387
41500
47209
23051
42684
30906
39788
32745
47122
16772
46722
28508
285
15601
37
603
26262
25612
46164
29692
49167
46353
19740
17170
42634
2714
24374
4659
34227
46413
28726
32594
4245
25915
21978
46909
23154
28098
29634
20256
11202
42688
15097
27819
8270
15114
28403
34512
7058
24547
30536
6206
20880
257
39708
29846
2951
14062
34486
37158
26808
29544
36084
31033
21791
24394
27923
44925
2473
23889
15162
30007
16558
46591
7807
41160
11685
36190
25652
18724
27069
22521
41262
14281
39110
47302
44107
8393
11344
44925
11883
38132
24449
47947
35498
12573
38674
29753
7478
7479
3622
38972
37466
36512
35543
11605
27652
47209
47775
19637
32265
41176
8490
39859
5437
47580
37141
49525
5953
14817
10782
17816
19282
1564
32095
4760
14117
20749
34493
37927
44560
4447
26880
48359
40940
28755
9944
34924
42296
7700
20893
24541
15208
29363
30732
20626
26923
17853
36483
49208
32651
13597
17004
1913
15141
15432
23005
45590
2513
23830
33498
47054
28257
26710
45393
35529
5445
5317
20434
47722
29349
41307
38595
10890
37003
19308
31496
13906
3493
34311
13095
2476
47888
46431
20721
13010
28195
43706
8580
30689
17516
8410
44075
12106
35100
5800
47615
40526
11097
34381
4580
6779
42021
9507
17649
29004
45147
15477
9242
48621
49768
38669
17429
13988
1433
38131
26978
29608
48169
1891
10277
32018
10281
20684
44104
45362
26464
8051
2220
37542
42413
23132
10653
34414
32619
44634
29750
27747
26443
5324
42700
42543
43974
10109
6511
45387
14572
49822
24975
12722
1693
1585
44720
28306
22249
5156
40000
48694
13187
8552
2568
21932
31664
29553
22678
14264
40519
2408
8343
16942
7713
1023
9465
18019
11112
32308
13386
25665
32110
4693
4719
33783
22610
15771
28422
11192
20907
18402
9866
426
26935
28766
22339
8579
24651
11349
39175
15150
30090
47498
32072
4135
48501
7869
22134
25946
40157
1852
17943
22248
22877
22642
22363
45468
38393
765
6640
25632
35500
32838
26038
12415
27936
14709
37326
2567
42391
26482
17697
22461
23960
16101
26576
38794
40302
48690
14720
46791
522
32643
35371
23379
5265
7715
35179
9990
24812
8151
35602
10292
40969
27972
22687
35237
9014
9994
37784
1385
2808
21813
23826
26748
4246
16734
31874
44528
15404
46574
41300
32258
45549
26651
21969
794
698
7129
27116
41843
15260
29050
2115
22562
23355
41135
7779
48701
17461
11896
66
20249
33689
40224
13329
37916
6938
45184
48776
38674
41738
40056
20912
3620
33040
42861
4394
70
49970
47843
41893
31563
26873
43989
20457
16560
1456
28216
15241
18897
40092
15287
5478
40114
21843
18787
28010
45113
13951
26766
33767
22022
33155
4659
41974
32527
13853
46348
32577
13803
10523
24451
11698
3729
34772
32135
20269
2560
26684
35491
21437
16756
758
43247
23202
38934
12014
17544
34027
42298
44291
17775
30652
43778
38766
22606
26285
2599
35286
25194
32735
45790
15977
44413
15851
17081
26529
36100
19621
3193
21571
7390
36281
38662
617
25816
27576
12612
43340
27935
21242
37611
12042
1874
47721
789
40812
40338
3368
42430
15513
2435
4552
31470
46829
20383
48532
39690
6464
18133
9215
28015
25504
11828
33009
26101
37624
10565
5045
30945
4833
42619
34888
16855
10825
48942
17624
1617
39260
37325
44028
4753
39740
14912
2556
2901
35276
1068
8923
41720
35533
34470
36067
27369
46279
19057
19803
235
45954
24828
47512
767
33780
48733
33955
44585
47655
1559
12535
36895
5216
22895
7981
44937
37787
10517
14170
23043
27917
23074
31095
13430
23876
33495
40780
20135
18884
26915
36703
14818
18075
34195
31918
1835
32908
15853
46401
46895
33744
8916
123
38941
31791
8084
210
35910
34933
14360
8934
12830
3766
6361
42592
27623
39836
49704
14090
8700
26599
17125
39851
44655
1301
21749
12822
541
3934
9203
13769
37658
34451
13872
42931
32574
38288
43121
18465
23201
23814
43731
2363
43912
72
44935
37867
39889
10972
1938
48569
3903
19043
4752
14890
36676
26481
27693
3550
46747
3228
17299
738
37660
47503
43649
20214
35771
3103
5011
8952
26897
48722
11295
37141
48775
22562
24989
4996
49866
43259
19897
3750
28634
24630
18620
31643
17443
46293
35173
14171
49502
18804
31241
3494
32639
24870
40040
18390
44305
45032
43674
37534
10086
21301
24656
25193
43843
15977
30169
10042
9216
47
13772
4182
41009
32372
35805
24784
44998
37310
5287
10832
22446
36508
14306
5065
27711
4326
23435
21996
49338
17089
9511
25757
38370
34147
930
48546
16456
31080
8568
25652
47459
38672
46166
4800
21024
31952
29564
32354
35594
34832
43166
8021
21320
7452
13066
15363
28111
2834
37340
43781
36255
46831
19518
24606
47310
20429
39484
13746
17841
48032
5730
31632
3036
1876
36412
40392
33808
15956
22727
19383
17120
15873
43736
4773
39658
23134
20116
17749
25948
7436
11510
12184
20599
31009
3122
17889
17770
42586
47967
35591
6950
3677
17203
9966
5534
19947
338
5674
2235
39397
41389
19336
21603
35105
40441
11241
8220
10537
45322
500
34306
6812
29016
21237
4153
32118
39107
21903
41036
3406
23826
14318
7064
7361
24264
28930
27288
40935
34584
45856
30312
25954
15172
1895
27391
21945
29468
35591
48814
24770
2424
33100
47915
31420
4318
2048
13519
9757
40284
20887
29495
30442
35186
36539
37784
25782
15449
31404
16697
50014
27240
13342
42300
8744
31569
19671
30669
11018
21595
29464
35768
40351
28896
50015
21751
49546
2044
1602
25635
8660
22470
5111
39082
7636
7982
43198
33398
23412
40935
16428
39758
34507
29750
48390
43232
27651
18041
40233
38649
5968
36029
40750
46299
31258
40745
18031
47136
9121
35965
22752
17761
8415
44195
23176
32383
2157
32706
32114
41901
23621
14874
31639
8109
10956
46361
17673
38587
30735
24238
43569
36683
10248
34299
49315
7838
41376
33678
4954
16830
19623
44038
34571
44371
38213
24079
43086
6703
6766
25180
48584
46719
6386
46556
21160
17322
42897
38813
5890
23612
13032
15791
26628
39612
16422
25923
47430
7778
9581
18716
24588
29184
12735
25492
23535
928
15903
32954
23963
39001
8114
22528
35701
30833
35416
6841
48135
28293
11987
20357
18238
41351
36128
44846
47295
2530
20749
44705
26641
46662
29753
17561
25826
42468
43033
15694
9729
25269
48628
33672
14250
23074
22532
16283
3887
7928
23105
18355
2554
1424
38692
20772
9107
41153
31950
6382
43663
19031
17419
36636
15673
47152
4178
7831
5953
13543
39857
15662
38792
4817
15666
19375
27872
38179
35638
48091
12439
25075
32778
14973
26479
37803
35725
35566
28936
34007
8280
38931
3018
25679
25548
18671
39164
46058
42835
45097
9581
32672
10739
14706
37470
42737
34061
31674
47248
19679
46097
9668
44735
28856
24621
37546
16639
26679
39445
11907
10666
14057
17170
30017
39717
42698
15020
28861
5088
7835
40290
14650
40488
1009
45688
44290
10078
29729
25944
7307
15740
38373
16955
26807
17209
41556
30686
180
34567
36463
28419
11566
500
45570
41563
6549
4600
6563
35390
9669
30731
25660
40651
21199
43001
2671
31821
3060
48732
24097
26699
14452
12450
43634
7592
45992
1522
38258
12504
2422
41053
40904
13968
41533
2806
5511
48063
23738
28406
49785
49739
9117
41778
40370
46648
34759
9373
28449
4151
8085
2526
30830
22518
31309
40796
46442
27281
8651
1032
6117
11053
42065
13353
25001
33578
16139
46844
47973
6210
25230
47739
5929
680
39497
12632
47308
40588
21985
42090
44720
30051
10948
41882
18901
42237
49011
15323
35850
7642
16335
41948
18675
24732
5281
10008
8290
37753
23184
22596
43943
48394
20315
16204
15406
9792
28816
29047
16712
782
21117
27764
47165
48397
19627
16046
40615
34970
47701
42797
42592
30368
1077
27599
5080
22691
3939
29702
10424
27103
2278
20699
25477
38925
36883
7216
15049
32032
36243
31742
49146
7340
9486
46291
5717
45445
28669
12664
30395
42702
21794
39319
39402
22851
16898
10814
45522
20817
6848
22278
47900
25459
9309
39710
14364
46173
13258
29394
44537
49481
27468
43663
23153
3286
6286
28850
48712
1287
7847
29087
43969
29621
34739
33351
2452
1617
44145
14307
38767
973
36565
2999
42764
45855
9041
7109
8360
22279
2835
2877
21740
46635
12872
44873
49901
19138
40056
48593
20405
47883
44013
30706
43836
28732
14037
12620
46681
24514
26907
35428
41819
13453
38408
34564
25640
47429
8005
33980
19689
27172
3189
7761
23787
32393
2615
23668
17863
42651
22242
38248
6866
32587
35286
682
11299
15655
29634
7960
6501
6522
9721
48300
36307
14461
49196
11927
11870
23533
12239
47891
