473
31900
36658
47993
2674
30526
39339
38993
41240
152
38890
5400
17678
28596
48968
37658
43562
23202
30030
1610
5687
16611
1953
35374
20944
36940
4007
49982
20698
44417
18523
37503
26298
21513
35477
28952
18371
41148
17925
25944
7632
6795
31324
25291
1723
30272
12929
45265
3454
42939
13207
9121
25882
31493
10828
13158
18413
14815
13120
5443
9213
47976
42926
1843
35821
44735
30775
4173
2215
15032
30097
9828
38159
27753
35099
39862
8005
14360
1460
11440
7279
14647
36893
49493
46120
47701
12631
30865
28849
42084
2640
4394
40040
11899
6217
25841
6614
3324
46346
25162
18336
42775
34970
6475
20508
36401
12669
44846
741
14109
22618
24352
28737
9491
23825
41189
23525
2788
38387
18706
44852
41007
23080
34872
2886
45629
27046
25833
48933
39724
975
17249
48832
2277
40056
19320
38658
2705
30498
5731
16795
3096
30063
11864
12568
20220
3033
2425
22988
41400
21111
17821
48740
10523
2673
1606
6132
46051
27419
5045
35756
44726
22274
34568
46983
12310
20220
35621
14995
699
41332
48122
20127
37727
9966
49027
7927
12980
1432
30896
20712
38875
48697
19432
49378
17702
37371
5490
13734
31122
10515
15822
25829
49121
16722
39144
27763
3274
41098
9091
20305
48762
7193
40413
36470
17140
39420
44377
46452
7185
41605
33496
46040
6634
19261
45399
24317
6612
17221
4383
4066
44069
36537
29875
43170
19591
35352
37266
22845
26430
46337
9483
25172
19862
49876
11622
36982
5628
22332
49766
12793
30269
33243
8814
36884
2484
20545
27533
25428
37746
31896
29474
31795
34765
25682
41298
4336
11014
44896
43513
37424
41213
2976
12576
11055
19184
40531
14370
41145
12843
14116
3918
9444
13691
29064
46308
32507
49589
23821
24267
3668
22049
3722
1795
23146
45736
9425
43814
23082
4301
37308
10486
11846
6616
39394
39234
42133
46257
3584
33258
9080
34032
3508
34857
14056
48905
31145
46543
14826
21299
20791
18474
43328
40845
36602
16455
2913
46007
10249
25975
289
13889
36441
12115
36838
42167
1329
28951
38405
21245
28541
13817
21610
48381
48654
35646
47266
46132
48521
12073
17411
35644
46879
10719
42821
33461
43506
45714
45801
20088
21669
46070
309
24442
24517
37127
16590
42179
32410
21327
29756
27283
1476
1346
25645
111
3324
39243
12575
18178
1296
29966
3802
14508
7017
46604
47949
504
42298
43730
36924
13948
6132
37213
4722
46982
40673
21292
39141
39415
8951
35229
16679
10408
36556
42304
26851
6212
31527
39406
24370
49156
19352
44505
13644
42701
7441
27925
9537
16071
37988
46441
29999
10452
49987
1054
7414
6992
38678
12887
46387
47610
48097
13046
24350
985
21682
1181
7177
19542
6919
47880
18678
42603
42365
48654
35284
49786
26559
44802
15837
30879
7575
12169
41312
23894
13203
15058
30866
1861
27926
27234
15803
26003
6612
40133
26968
28275
7646
477
47797
14545
48337
32807
7128
7034
31441
42393
23152
24332
3527
5322
21544
11082
17471
12836
34957
47006
44226
32155
15199
22132
25721
47335
14467
32314
37448
7767
26921
11427
8225
41050
25952
22894
23837
49413
29909
21610
41786
3041
12274
11645
8343
33798
39059
42146
46614
40348
5484
40821
22484
37016
29285
48185
683
43733
46831
4463
1480
40084
15870
26037
31114
41803
48912
21283
41196
28801
9225
49314
48174
21480
27291
22850
5258
16330
31328
18205
6659
36793
25358
45475
40141
4623
9992
40804
14688
6804
45247
16149
13220
11098
8518
44315
19233
7410
31930
26761
2543
41136
26055
17050
28948
3326
39880
34186
35988
21188
2371
42627
24313
27709
38082
30786
48665
48055
21570
13333
21191
33150
45814
34391
10580
4313
45038
29793
28055
43301
22886
46931
34417
48921
13961
13345
18579
20173
13863
4547
7693
32567
13507
48339
10256
1569
29105
8901
15956
17008
38567
37127
138
34361
37851
27050
38654
32869
23175
33042
26150
46041
29953
26899
11294
43894
6576
29853
30399
36772
732
38072
19319
14219
36391
29555
32121
15477
4789
48057
48817
43336
1517
15287
44029
39348
42317
32664
38549
15472
15686
31032
27845
45619
24263
39119
5845
47172
35304
2576
33924
36016
40628
3223
216
43352
49110
48669
25161
20231
46706
23958
29899
48203
39225
23909
3883
31522
6553
42413
13326
38571
39777
7503
522
14020
46602
22699
27524
31886
25255
11428
34234
32215
30983
782
25547
30074
49431
688
285
12470
40978
30165
10653
30183
20406
30869
28037
26939
39614
7695
31842
29371
15178
32344
9723
28112
21375
37228
9978
46610
48636
10545
28805
29600
27659
20685
26006
27071
21353
42623
39521
28664
39120
16506
8827
9506
47355
3197
2777
36949
10872
34599
32652
26031
33275
42356
4123
4630
29564
30434
1220
44532
7311
46358
40464
34950
17023
32802
28353
4708
25406
34206
33352
14506
693
8512
40345
14380
11689
43102
17662
38893
27682
294
14904
27289
42630
35360
31900
38526
32126
49452
33039
5769
12142
39835
40699
29145
22618
35385
186
48004
19571
49870
28842
20244
8362
19167
957
36383
28602
18599
25257
22616
18873
40141
49885
27836
41833
48117
16342
40291
13902
15713
46040
26024
5529
3072
21502
28127
38437
21668
42463
7988
21518
37637
44565
46213
23137
45502
32576
1719
14081
7813
40667
49286
14287
6884
27102
22452
4982
43425
12724
18864
9118
25096
44868
30979
28148
16350
25438
16565
4350
17881
24534
42201
21851
35431
4746
44968
30913
37302
13019
11326
45096
3666
26944
25715
10530
4027
48147
31844
13784
27203
688
22882
2280
11889
20194
30408
44571
45612
46954
15254
29826
37820
7435
1657
23231
12161
46605
20476
15795
25956
48134
27223
29602
25058
2918
6464
45417
17398
38289
9181
44581
5309
32044
46841
17178
18570
27230
11730
14162
40516
26964
43968
44668
731
45605
34231
29224
8542
21039
44999
34478
35505
22203
30412
10543
25101
36857
5941
42479
25126
31454
3393
30415
13478
214
13926
48380
43776
25636
12523
624
18932
6471
45272
35995
18409
45835
15199
26931
16854
10178
27742
2339
32361
8134
29215
23795
44971
1488
16254
36429
32922
19627
33177
12733
36174
47083
11093
46282
39051
23596
46887
7963
46400
8491
10290
14789
4307
25469
8052
37493
35627
35774
6165
17969
43889
35360
41744
5192
36828
24330
41602
36082
10290
24759
48795
46444
21822
26221
9058
27205
49797
5925
1500
12529
30749
11770
43650
35036
37219
1683
38861
22826
3789
45006
7127
14010
30346
48851
19183
33506
39514
10765
19569
49784
1856
34696
12560
40010
10897
21598
17195
27027
43856
18675
39536
24585
46777
49519
25953
33976
17534
14794
23134
21303
9781
30242
1646
40107
29073
20809
39946
18567
47906
25847
34683
16094
10523
13575
6084
21401
35154
39611
14760
45342
24618
20628
19907
21375
20127
45840
5331
37641
10614
28445
25277
20375
25019
26903
26815
4073
14044
16741
38972
28282
42568
39988
44356
3071
3543
16772
40804
5029
6363
21896
351
47313
42505
20238
18668
28964
32410
40331
16586
43005
35108
8195
29712
10108
1430
6507
30513
15454
39580
35817
10068
32128
25785
4404
1532
45661
37508
8668
670
10203
30545
1002
7496
39382
37572
26144
18326
19963
32807
1244
29300
17895
9419
8992
44335
27181
31832
24828
8967
21392
10626
19015
3501
2743
39751
21365
14736
27239
46365
15387
37422
26890
32721
44898
32604
36625
37374
17263
6568
20161
18487
35848
38037
44239
11173
32352
21400
42985
23513
30348
14357
471
49343
34190
19546
39075
21887
34263
32646
18233
15982
36401
11455
48683
31279
44040
35288
18634
11283
8189
5127
46102
10369
43144
40321
21522
41829
11702
30839
31674
8382
11529
32125
7705
45699
1651
13112
17567
2246
12091
35780
18208
48472
47215
16871
46083
7587
18492
31049
35202
26661
36157
31285
3362
45633
21586
41217
3794
49620
22036
35448
7982
33545
17553
32020
45577
35537
11464
29476
37763
23535
15236
5952
21987
28783
39155
34403
2703
7627
15432
37885
620
17921
19150
3963
13535
7069
45160
17309
23021
33528
2738
30984
17054
36623
29336
28963
22140
40780
8419
9884
14296
39987
32168
2615
18750
21303
36998
37785
45263
2411
25651
45863
20312
11133
16158
179
34534
27650
17469
7536
11159
36539
4852
44545
23142
34168
39840
11615
24928
48239
21479
39204
38206
3627
41800
23288
41262
45130
11054
36505
13873
3037
32349
518
14150
14839
677
15017
42470
34478
22533
19961
20997
43717
30838
10472
27865
20658
22067
2773
35229
9878
8310
23415
29837
16442
46683
21079
11552
7717
7565
41758
10734
6246
42256
41217
21065
42913
6214
29867
43724
45079
16160
31053
38776
13330
41505
32973
320
29904
35726
35529
6114
10368
8924
35931
26790
21940
23343
4675
45989
30888
46413
23056
3466
5001
14253
24511
47894
36799
20711
7950
48210
3203
38984
3318
16514
46821
36271
33166
43058
38329
18676
49152
48678
43932
1416
41800
15852
24739
12807
11822
21959
25552
1210
25405
30533
15443
16248
44760
18574
3291
2690
33116
6475
8006
36414
39321
4808
22665
22467
47846
10974
7475
13330
25984
1388
14726
34117
33572
5797
46904
11726
44088
22437
12916
35825
19302
44691
18406
14042
13245
21677
33065
12693
44484
41051
49087
137
45839
21732
22585
10017
49039
30040
23328
41355
47760
4386
25452
31313
10164
38689
43019
4232
27458
5916
6390
46740
16939
24776
27115
46517
46433
10160
9190
7250
1191
8258
7367
13363
46322
46284
23360
11693
42657
46668
3029
40397
1035
44813
38042
27531
33482
47394
48095
10920
19642
4465
7641
36561
29221
34736
33058
41987
11228
8581
15569
12399
16819
39268
25742
29473
35533
15435
41147
44522
28435
10508
1251
45802
5301
39274
23313
5116
3000
37741
16016
22622
42186
39989
9163
37740
41057
8554
46059
2265
17115
11608
30997
266
856
23071
29719
2721
38486
37198
47223
16902
47686
48455
12684
19320
4061
2330
24416
7041
40051
6764
29643
48569
46734
5138
36289
37771
13672
32328
6369
47119
10268
37346
47365
11105
10397
43417
13806
15216
30595
11010
32098
44614
25797
11114
13914
29838
13424
4662
36859
19807
11406
32834
18357
24472
37952
4626
12224
17957
3287
34925
15056
13535
22251
28754
40972
48980
22151
4759
14176
19078
32101
12606
13672
7878
40053
43918
37696
3457
14912
40887
39597
26299
23701
7934
751
27985
28892
29307
45922
32159
30564
27311
12027
19147
6045
2979
18108
44528
24070
48616
29938
22503
27555
43591
30361
17588
3841
34389
37377
18734
41608
26954
11365
15289
1220
28448
9607
30093
24088
5509
28584
4632
49152
40591
23760
5177
9903
8200
16037
305
23148
45956
22789
17035
5879
19482
34603
26052
20204
38313
44766
11792
31599
22463
43414
32800
17244
3001
12873
41312
24842
41437
12276
23975
48361
2368
45484
24596
26900
27854
41233
16381
23790
14002
33396
46001
49817
34332
22033
20001
22625
33132
48125
4204
21927
7871
36984
39151
27204
16189
46795
2027
23959
9052
42334
38652
27752
37798
13228
4633
31984
4441
20994
5754
34776
20722
18087
925
5034
6453
37258
27639
39565
1715
48176
11472
9567
1492
16956
3103
17662
13731
21462
41601
39115
13776
46585
16848
17907
9793
37813
49871
30566
25139
21958
31674
45841
40025
32579
856
46458
36169
44827
2355
37865
42983
30160
13764
44456
47096
16847
28450
10807
38290
36383
16255
2046
32948
49435
19933
9073
37228
36137
5971
28699
8075
37626
40872
14432
36537
41708
10871
39039
2868
29558
26884
45831
9698
40628
6619
6774
7455
35049
33914
45725
37764
16501
14104
20692
15916
369
29745
3124
36486
2049
48155
10893
39655
39007
25306
42524
47048
2509
31543
49896
32047
24759
12059
8078
15367
18659
31184
39155
20040
15078
1212
7785
31559
31648
44809
47455
31998
40887
16911
34816
42916
15046
45690
48903
20386
37328
41407
17414
6169
39283
17290
38196
14022
29329
12606
45722
14320
43771
1209
693
8829
2401
8458
6721
382
19599
20508
32360
10466
3752
33508
3362
35130
29178
18597
5496
32838
9985
22890
38987
15600
40160
43516
45954
35822
6102
8008
122
49853
9197
795
25015
27931
25585
48068
28293
45165
18556
26985
21963
22288
10473
41658
23751
5984
10235
29227
38802
36552
2098
27770
2132
8590
37618
14419
44392
43700
22407
10847
9886
31585
27974
34881
25848
3540
32929
20473
15037
17817
47438
36980
6438
7891
44970
30169
13855
5186
9376
2638
41718
27806
46740
10183
2729
34338
24582
47101
44370
46969
24280
4236
44886
2235
39097
37066
22107
38358
7519
37124
22508
4937
40436
28926
29161
35387
25427
42996
6905
1135
11966
14955
28922
25038
41470
31631
25708
16032
45064
20059
29334
35677
24275
40552
37892
29705
43951
9979
34395
1450
13435
6883
22720
3851
2141
1861
5570
27548
11189
28807
28664
39488
43743
23918
14506
35193
21881
6547
17558
33277
26586
13224
18934
17193
20108
6806
13230
14039
33117
13958
15470
46532
20821
38170
16716
39295
6363
22266
16823
17532
1054
11819
23352
11129
2069
4191
46302
40282
10718
30192
23540
3636
43396
8806
37161
13485
31945
16724
27504
15042
30662
9306
27907
17815
13808
44603
7090
20151
16849
40246
4016
34235
18397
27348
45344
36799
31519
41627
27061
8569
38151
16933
12185
31528
25720
49327
11345
23997
32383
38829
5371
13025
48116
33258
30820
11904
27841
4243
48388
11023
10821
2384
11590
29198
46064
6915
15977
27564
14874
9371
2465
3005
26284
14631
865
18336
30290
12190
42313
12653
1000
14017
42010
15448
47255
39162
43684
41429
43385
8404
18784
4186
10768
30354
49717
23165
37249
32026
17061
18455
41377
19506
21441
33994
34117
22286
2310
30739
34457
10956
9724
1789
41305
1714
33569
38540
40857
43585
46301
34222
1970
31417
4741
29070
11752
20790
2215
15333
2796
19256
33769
10506
5095
21542
44480
39192
43808
13122
36264
44597
40410
45968
12718
31695
47663
46267
36568
4852
39833
32849
5406
8135
14247
10127
37185
42331
47249
5733
23996
26
41321
7745
10512
46396
45619
4972
1921
39408
34426
38165
337
24817
465
13036
6492
14460
9283
43040
19292
15448
42222
24679
23563
22801
1138
27081
15112
48368
32794
39088
14726
40447
13166
41570
36824
25117
12874
38725
14505
47280
43222
31175
22077
43667
44191
28550
24460
19806
37922
43732
1587
30124
18391
41482
2905
35862
18543
34349
562
17669
39770
15268
24449
19268
6818
11253
44365
19672
16310
25203
16932
25864
6358
38990
35863
16881
33872
10303
36667
21774
20368
4586
18231
38739
46049
21116
40933
30924
21798
41475
14926
11548
6723
5707
30796
29873
16940
25141
49525
49582
324
32790
41778
23014
21760
27621
39875
21964
4257
42875
10070
24605
47441
28281
29676
9822
15730
20590
7079
37508
12045
38337
15388
35101
44024
46164
14954
10944
37637
14460
26858
4294
13582
18616
27288
1674
12569
33496
23618
33158
26351
20
7743
40124
44634
3752
49927
26696
24322
23338
30536
2699
11655
45904
4132
5659
8400
19067
32935
12369
49859
9773
16643
13421
44721
10264
15075
23622
43740
5025
23113
36423
5025
30836
26527
15991
920
42786
42667
25222
16104
23183
44254
44091
19067
48366
49730
43799
33765
32645
6149
49956
8750
22772
29709
19803
49368
44764
9758
43088
16121
32851
45843
37479
13667
38703
3450
30920
31469
46098
6122
13906
19261
16708
7977
4661
31407
24040
48440
15152
23017
4569
31441
31748
43674
11130
1531
9374
5875
27621
18795
38328
10452
14618
25787
40452
3301
29218
21352
1103
41648
43806
14989
10889
10495
39298
31882
8234
29670
46655
39718
2668
17556
21139
34396
11210
32250
2259
36917
4457
29861
5692
42765
6645
20290
34885
47077
39924
14083
18409
41007
5711
12196
22328
32932
39023
27958
31147
47237
7609
27782
36935
10257
45318
8055
10985
22861
6637
29576
9758
27426
25769
15430
20171
32395
2052
21388
29452
41956
35451
14194
49295
7494
26370
21603
6759
31725
15894
37886
28942
23483
15648
32209
72
10946
6596
27389
139
13213
6945
9877
40619
49047
25287
27123
31422
43672
48491
27206
35608
275
41380
34884
24101
34082
22819
30840
15787
38693
35058
11061
28508
686
43251
28560
27965
49827
5929
28084
29373
29207
37942
36324
28234
29561
13427
25988
39565
28251
3174
41506
28506
10887
26370
18939
44949
15521
49760
27069
20547
34798
38110
49035
1817
31341
27576
29762
31149
49837
24178
26854
45376
28452
13158
39942
24346
26566
15910
13891
21149
35417
5377
15987
46284
48079
34906
7565
13581
998
34614
34108
35777
22705
49475
3926
4026
43383
33668
1507
9553
24178
28341
4909
2611
7832
44832
26937
34378
27074
40808
21859
12471
12518
37826
25087
10577
22712
32633
40490
23691
33579
40930
25800
6264
40386
29706
26623
33749
29706
44462
9634
3864
39136
14524
6455
46948
25688
49724
47658
2742
6865
19497
31546
19363
7303
22965
46272
46347
5578
3095
36370
39138
44005
12150
11734
723
8188
38337
805
37874
49132
10419
8071
38248
41275
30858
35176
16943
30563
32814
36018
3760
2291
17544
39455
25926
40489
35707
38605
12400
5134
24956
17870
49120
37086
45936
16175
11607
606
16960
15813
49718
43712
23864
37946
34967
4703
23102
1891
1598
22248
4241
21690
40871
21765
11125
16777
28586
13164
5362
7318
18279
46650
25168
33731
69
21085
16238
11656
21671
49531
27449
21369
43223
17646
25647
28170
38681
15081
46393
40259
37309
614
28281
28160
38711
39386
11269
17278
18882
32963
40928
3493
29594
16077
37204
29643
3494
3423
7631
25145
2934
35060
12846
12489
2686
4825
6991
41347
19886
3365
47938
7175
20311
42551
1667
9003
31917
29268
42613
17132
12211
33521
20605
8137
15930
24142
37760
19404
43897
45371
10881
13163
46764
40059
25632
15782
44864
32603
23462
14730
2300
21380
38237
38944
13912
6236
47927
12161
35484
6872
45625
47676
6725
16211
5793
38988
6685
9886
8372
562
21589
35586
13705
18333
41977
5669
448
36822
4604
23890
17884
6885
45250
22454
12161
25494
28670
10068
3988
14135
33272
15945
28143
6329
48488
268
45297
5153
26486
20002
5695
48056
21920
35732
32721
13877
41381
33149
17031
12318
7019
1248
19183
18602
23682
47676
10428
18684
24076
30748
49151
7328
46674
43626
29989
45142
10227
25267
276
36693
11601
22303
1081
33501
24368
135
13710
15729
49616
30722
28027
6616
48302
13542
41550
21964
27550
18310
6980
1606
49039
6112
8914
12045
16070
38884
23519
26277
30483
40127
12951
42064
12411
30364
41897
36759
30479
5587
18820
30076
36289
13180
3024
34571
43054
10906
22867
20585
29196
46180
22171
44567
18624
47418
6592
34674
2634
30092
10932
33097
20199
40215
41493
48942
20559
33370
2033
1019
38937
37186
47427
41559
16698
431
42462
9732
11317
31662
46649
6845
44174
35153
1393
12778
32551
24317
47432
1517
20741
24696
946
7273
14891
42419
6195
1783
42121
24561
19134
47390
11727
16541
5281
28405
33304
47724
4469
10953
45718
1099
17778
39872
36232
35503
2630
35115
9801
16394
36612
30522
7423
37538
37775
22294
46289
10303
24057
4742
34844
43171
2112
46551
26044
7374
41288
9328
21430
45737
20261
33480
46816
4372
23332
49380
39855
42294
827
15988
25020
3771
46491
32423
7641
34246
4698
3910
10881
45087
8632
45705
4591
27077
8588
46967
34431
49856
6276
22193
45574
42869
5653
8722
13573
45317
24435
3409
37591
25242
19377
12591
45346
32200
11347
2967
32779
32377
23210
43640
43796
48174
39326
48367
25231
47894
45315
25994
14083
17923
14519
9637
27124
20152
34691
7030
31801
9106
10419
19372
681
46128
48296
46007
44661
25975
15306
27420
8332
38496
37392
2108
3003
43050
16808
44566
40925
28455
36893
21340
46358
1392
30957
39814
37877
15628
46824
19658
41067
23575
5363
41728
36036
19991
4067
30677
45946
19353
24429
20610
24182
11801
22698
43517
4832
39486
38063
12089
17921
41288
33409
30611
42661
30698
36758
46870
12658
33562
32860
3705
23470
4555
11765
25838
40878
32164
22847
3156
17850
47256
23746
42012
25389
46425
1861
46553
2243
6256
24974
36497
47525
24715
17088
6518
5393
20178
3368
34384
20073
2560
4421
43523
7096
32519
19341
47954
14663
42168
1091
32493
5756
41169
40837
31125
37574
42678
44011
6150
48915
18965
42627
46420
43661
26047
2918
15386
46206
22618
16102
16259
41510
20504
26114
48586
3003
11787
12873
17646
20287
30296
16472
26023
21445
7289
23480
25352
49948
33823
47834
15195
2769
40441
27947
12762
32820
47197
44480
45358
36147
10563
27949
27637
31047
4043
26204
382
32162
5409
34360
2429
2037
812
44784
39814
8082
34597
15146
24362
18400
12960
39537
37501
19733
33816
243
18886
30993
11056
14224
17120
21599
42154
44737
18978
12529
37273
19340
11024
9014
3680
29785
11031
4473
24550
826
28887
25479
32304
3229
10211
11597
9098
47693
47662
42894
14268
16528
23867
41656
47085
40967
13235
5571
2036
32193
18080
5642
17865
45436
14636
37878
25202
25648
8683
16084
42806
37550
41543
25090
40759
18086
36667
49837
32111
34310
42711
12712
17170
32910
4348
14235
40209
17564
19786
42225
16089
4199
47847
287
49615
12464
38145
24797
4444
46808
7213
47230
34338
15088
22300
25077
33155
25300
41246
15246
25942
289
44290
43092
33179
48619
7308
23368
32515
43426
31925
48584
47605
46105
48851
47201
8549
3328
38330
29325
116
45524
26535
34434
10592
15167
25843
10079
40447
33421
41658
32721
33690
35928
25794
33201
34527
49434
22901
33374
42840
4807
31939
40426
892
47122
3959
25773
16783
8621
5078
16879
4125
47945
17646
31050
29444
43469
7461
36224
43223
49099
18925
43245
35008
44699
26427
35867
44113
49308
19222
3286
20447
17493
43692
21319
30947
13983
13424
47710
22584
34834
14570
43042
32759
48548
24072
28536
8349
47865
14740
1552
46945
33645
44778
31933
44677
37537
34132
5122
36825
3334
8388
7253
20807
18412
44904
18087
32375
24661
15777
4940
9475
46679
47962
8567
45207
38366
37083
3537
36211
18155
5069
49488
18132
16179
31401
12789
3696
31866
17892
6854
35180
42612
30439
22320
11005
25323
40387
43360
16316
22496
14632
25772
19156
28926
671
30695
17272
4086
34212
19816
22221
5614
19284
40333
38125
17018
19455
41802
48864
37327
48636
34024
46271
29055
22676
7256
20710
29395
16949
37007
1872
31561
29111
37360
10468
46114
18035
44072
180
18580
13868
22381
40526
49485
29046
28631
16483
48481
20413
31679
2140
35381
15683
48392
30768
4692
21980
17811
34067
38909
21150
2271
36803
16593
39611
13603
12687
7627
7655
12847
42539
37856
1560
33045
37321
30586
11656
20136
45400
48402
1795
47520
115
33810
12244
30864
38482
34205
15007
38882
39446
36137
41133
26229
2710
30725
39812
15377
4684
13800
44556
47203
1636
46096
46580
5289
43014
8216
41757
38394
22950
43532
2247
23046
43674
14471
20242
48489
15008
35229
37351
20787
37698
44816
46996
40388
41873
3141
22097
46537
33273
16633
10072
1241
29061
6632
22862
38407
31181
14599
26782
4111
24463
45361
43489
18117
26164
13711
16586
7505
15272
20269
28272
2950
31418
41600
43318
23271
44721
31747
36141
44326
48360
46193
45547
43753
19158
18389
32141
319
32968
25255
20762
7411
20596
14232
41861
13092
27923
24779
20577
43176
45029
48829
12458
26427
6762
22109
16030
17815
3836
2151
12122
18529
14677
7649
12262
33815
42371
44383
466
41671
35970
21208
15415
22898
1772
7256
35971
29676
32015
22880
39184
43376
38042
17974
36135
44784
40063
2146
12579
43880
4277
24681
12389
18934
48663
40983
19081
7366
35347
19527
49017
21297
7068
14412
44176
8820
21648
46479
4828
19996
19339
43992
13352
23713
11947
49468
18477
18342
1594
47389
12202
22203
22050
40923
7470
37045
31887
26531
44391
17214
46039
9741
4843
19439
24133
15351
28239
12114
28162
33048
32090
13834
43372
11774
37527
21651
27574
5985
39974
45500
3354
2156
17684
41736
43060
25134
45114
24927
1645
5837
8473
14016
15558
29648
33435
6024
11332
28007
34470
39474
11035
16540
19640
4387
44646
7148
26019
22201
29465
32325
17681
32799
34461
1697
40867
43853
26811
2313
35112
44789
8131
9917
25137
40021
39546
24905
12377
17210
2892
46827
23016
13907
29699
42637
34626
24326
49765
26977
12859
29210
9282
30520
28341
10076
32198
35540
3909
25341
37834
5354
36462
12297
15251
11580
18650
21129
36465
31008
38319
5689
44167
11316
35928
23847
20285
20534
14505
20030
13844
27344
15572
39458
7844
10245
49514
6374
12117
19756
48048
49931
25090
34490
28560
40321
12402
13543
11431
15199
10883
16082
20868
5030
43730
6776
45209
13995
43643
9694
357
23819
37018
15909
13257
11195
42486
12752
17549
4584
32488
31929
20847
7558
16400
15740
14211
28782
29263
25622
43962
40126
41685
31162
11488
35395
37919
6678
15723
47894
16352
16060
38045
19703
48302
1282
30878
40768
30366
14759
11684
12834
46669
32512
36724
29401
48232
17268
24515
43827
42870
18457
33933
887
49600
11753
2615
3851
18411
34670
18077
1096
710
6102
20779
48992
23716
17989
6093
4063
49080
34109
33229
12081
16601
19934
41462
31165
37182
15958
24972
46384
747
25237
13604
16679
36971
32551
36862
5362
17201
4919
22790
34243
27353
43549
49568
1050
27870
5641
5093
26931
39730
38302
5344
22664
24568
46787
3809
28082
29077
45114
40799
29804
20331
4383
12816
7282
3266
49658
28977
20447
20910
1747
4670
48243
11629
4218
15625
39479
26191
37050
32742
32254
25333
38067
21250
16233
1186
25039
10648
30243
36485
1427
26379
6797
22142
39175
30411
25388
38814
9368
12167
9704
27448
33169
24279
39057
3720
39885
44868
46243
26915
27591
28477
18580
31990
49707
1146
33156
41079
11774
13379
43896
29533
6090
673
1655
45246
47417
43375
392
23117
5522
26428
545
38671
687
5934
8723
6904
783
4947
152
44706
49756
18712
43028
49444
19838
26164
6855
47944
5875
731
27457
11945
17737
45444
23523
15134
38799
40247
38231
44301
16655
5109
49305
33675
11023
8008
6911
28138
29287
7043
39176
29024
25736
32184
28448
11906
8328
1635
26183
30535
18698
19972
8813
36415
15397
32316
17881
4176
22544
22445
14810
5531
27534
14095
5538
4889
38435
12430
49360
17703
19453
38516
46707
11521
37033
41487
39760
11693
9454
32275
42209
28132
2227
1002
30880
33956
49650
48741
38113
38526
21166
2903
44038
15032
33330
15908
19902
38097
28318
35594
22132
14104
24090
35171
41957
27455
42990
48049
39129
2424
46656
47670
46889
48864
48652
27749
32800
14634
42822
37245
3141
13969
6480
13511
45333
6142
29399
31567
10572
24050
17141
32684
4486
7564
34188
46423
34999
27158
10805
40460
29563
7441
38110
42784
22637
3094
20513
5418
17709
13315
8995
20830
43616
15456
34321
5282
37930
13700
36829
48482
4082
3951
31147
8548
27847
15315
4952
29178
8805
32089
19619
4700
39510
7709
47464
12128
27136
17957
33878
44825
47605
9205
15635
7553
40993
16288
12815
28904
46320
49625
27366
383
19908
24845
8911
47735
6492
30195
43245
15278
12264
12844
19958
18107
36886
33755
46567
14002
18044
46777
25159
15629
5962
40774
23163
46936
23394
35958
42172
19694
1915
19518
36409
21803
10696
45301
35870
17168
25476
29096
48778
4073
8272
35069
22160
45138
18804
35059
25472
36828
31816
611
18790
4110
7717
8285
17378
31091
10575
9530
17118
12471
29029
3507
606
6057
48788
2809
23205
40597
31885
38316
11002
6489
23365
49494
1608
8501
34533
43412
11661
16329
44004
30431
36771
1701
5048
4130
49125
15604
13640
16223
28055
9001
36062
28641
15038
1183
31430
4576
8112
29647
42872
19094
36117
32569
18568
4057
7402
3081
47449
19043
35742
41433
15807
22493
9467
20835
26603
8572
36419
40224
41127
30806
49205
43521
25780
30576
44684
7190
35132
2776
3170
44336
21850
39267
26885
6750
9656
34267
9811
7085
19642
11885
14851
1781
34359
24298
22597
10942
49202
25348
17498
6661
6135
33036
162
48247
13592
44827
5417
15056
13935
24919
9372
2118
30518
2589
8848
40154
3188
34992
13572
22810
46857
28403
40924
31196
19033
29853
8471
18215
5181
42301
24856
27648
25317
24998
25875
5241
36157
47625
36629
73
22524
45981
2171
19375
14902
27351
9509
18070
12323
39413
7213
9161
17796
48117
6689
36809
27950
15140
5004
49463
23774
46192
43444
49071
37523
35651
20645
23660
33256
7254
40065
22113
3216
8568
7820
34450
35900
33661
2501
14555
23055
26046
40048
40831
40495
46718
27621
34777
28190
48957
34220
1944
11482
43996
17348
48985
29628
37973
38977
29216
45207
29023
17661
14755
37571
25461
49186
39803
9103
18019
4339
32138
10397
44367
22949
872
7417
16902
1981
35588
32192
2533
3864
43654
46510
21192
8971
42470
9145
47928
21666
20685
26931
39308
35420
30835
31101
938
20618
6536
35289
41289
38654
45666
1989
27936
12870
9386
11170
14831
11306
9694
17345
15151
3328
13835
36323
28631
6285
11801
26540
44283
32466
3451
49923
34218
618
31005
35137
21217
37521
20406
28838
42508
32405
30807
36776
45255
40174
47926
10067
1460
7601
27392
32943
27261
7559
35599
5873
30176
13732
32393
24439
46178
2176
24343
46728
19127
21680
48197
6676
25533
18584
35494
34373
17321
16282
21129
12556
22788
19036
38955
40580
42969
16327
39856
20210
40218
25435
42415
20374
39147
41140
11146
1657
9649
1821
48365
28756
23481
12895
35412
15346
31459
20886
49700
15112
3500
20809
27648
42620
39825
16584
49533
32774
49243
39369
19317
39442
14784
11712
26148
20263
2833
37274
21900
12462
39075
36597
7550
28888
49472
42942
44215
47263
30160
43895
12355
49993
31036
6336
42593
20842
39252
42106
19948
38475
31455
5597
44249
12571
33642
20378
32814
36455
7632
21046
15249
13040
23976
39131
41908
39780
32053
36103
37024
28545
46330
15711
28518
27347
38379
37444
14521
27611
45882
801
16067
43670
6379
26648
6221
40001
47006
5368
42788
20971
42746
24369
33991
16702
13480
42231
6463
11865
28315
9819
40390
40977
25510
35241
18304
13870
22665
49157
41461
18527
49939
23860
12177
22650
16841
34731
28983
13827
40079
38103
1130
49157
12452
1453
15840
42264
43665
38635
4109
21960
48434
10831
29269
23924
46052
47554
4126
35049
46691
11920
19909
46610
2112
32066
35592
18933
33129
14555
49093
39540
2638
203
38678
31422
1637
4498
23666
11634
43113
44107
49926
41527
4919
29175
31783
17303
26709
2242
2333
39733
14142
22222
2675
16234
20620
38248
1500
3730
2783
573
43250
21754
756
31908
3156
18725
2738
26803
46691
12183
20890
46597
20042
42141
25753
1806
9425
18794
20380
11738
8507
34502
292
27515
17068
20892
15743
18548
40954
34858
19101
537
6592
36190
48777
26081
21247
1496
2864
17919
13659
40086
30848
33682
48560
22933
1820
7965
41708
22180
36035
16547
23014
2659
44042
6414
39883
26117
24943
30818
10956
10376
31335
33880
12898
30092
9941
478
47920
29137
34729
27912
35556
15557
11574
34096
38471
29726
8393
46511
18238
10760
13038
41232
13399
23413
13978
3262
49510
5253
412
26798
15610
48079
10659
44840
44504
36932
45298
42404
32402
30007
20296
17938
11897
48202
18366
348
44260
43091
46839
12478
20183
26209
20042
33562
49602
34001
3156
49093
39234
19901
25871
21176
17960
2862
32349
28796
39775
27627
21181
38509
23967
7809
22779
35844
22344
41125
2524
16584
548
15695
45395
20711
41884
31769
20605
41467
15750
23741
6892
21317
9974
32743
8825
