47518
13911
5338
47962
40810
2156
21912
33424
32778
4288
45332
31791
24333
34956
24746
2257
33296
28729
34849
19471
43215
42406
29423
31274
38017
11367
45071
15891
41185
7568
47005
38684
37812
18676
2978
28602
20812
41222
12007
19922
45491
23671
18046
36156
8607
9124
4745
8235
4185
39575
27687
47380
48313
7090
44986
36310
34790
40038
18534
42307
47586
15519
47323
1730
527
281
30313
37672
41484
8652
23926
3307
48655
41952
39443
7242
1057
44168
15458
5222
75
9477
18935
48368
32899
13901
1011
34021
3919
19525
26309
17838
1376
23612
19548
1884
40226
16193
39536
31690
41177
29794
1329
39812
21727
40752
47035
39116
1252
28825
10670
1308
38282
29585
49656
37513
43467
647
21515
13718
36504
47804
31536
37861
37748
17417
6077
27954
49942
11945
25976
41100
41719
27285
30892
29778
34369
44259
18874
35602
39416
29525
36890
44030
25442
36526
31524
18889
3506
19371
48940
39990
17155
30456
44183
4883
14205
240
49170
14128
12165
25126
21560
20217
2392
18784
49975
36741
29376
35182
38675
18772
14687
25545
12783
6461
12052
10639
25331
31890
29990
40603
21860
13477
21039
16024
34692
1577
16244
33842
32037
44742
8949
3577
31291
27673
38693
31246
14394
18049
32760
3050
3154
13779
44927
32269
20221
23311
9240
11884
5181
39210
2467
27022
19019
39838
9378
3691
41395
41954
37514
23412
36676
46443
43321
34299
40448
48347
31878
4822
32728
14618
24204
35862
28378
35464
34463
48579
8755
43683
10443
13917
49225
29242
7271
18224
19060
16629
21896
10436
8563
25742
180
11572
38517
9834
45851
28945
8161
27709
99
7221
42308
40636
43064
37018
26080
43859
35577
34815
37523
12352
15064
3080
41574
22315
21285
10614
5276
9513
37382
13820
1587
37543
25372
40084
13709
37555
19009
38202
31597
19088
45403
40237
26056
4799
27235
2116
48639
12792
3264
2494
41476
18308
5554
33030
6956
43171
9976
12212
2664
47339
26012
4231
1214
17716
10647
14903
21604
29636
3085
3181
15057
48468
43398
41093
3248
36965
9542
18219
49737
12786
20693
7545
47426
26227
6907
20714
35731
16863
32907
38375
30534
25251
8939
31728
9300
19566
12963
30884
15535
16028
397
30572
30829
10127
37997
409
47072
13871
18608
13141
42989
5633
20666
40396
48192
27553
11090
33903
10748
10329
22259
41263
35561
47530
39323
44841
17076
2267
42057
48943
34627
42434
45847
15436
2541
33825
15825
49593
14028
765
29066
6998
6378
49712
13726
4551
43597
41148
4786
4325
1458
27025
45568
3351
40887
1224
14524
24296
3471
6561
23219
38078
15327
19047
3495
17848
19204
35652
33773
49564
2750
12819
6542
25460
28863
36600
46343
22440
27729
1110
43097
45519
44467
4998
48850
35335
6202
13354
9611
9653
36247
49162
47711
1554
34541
17538
35734
3725
19523
19487
19622
22253
48638
26144
47693
43833
12725
44017
16253
6786
45107
9330
2285
5906
14308
17467
41221
20490
47153
17164
46475
33380
16307
44167
1266
17180
28037
36980
37238
47540
22799
6840
36125
37769
32964
151
31582
12021
44148
47815
35139
5587
23477
3756
11473
4118
21203
19027
40940
34688
2523
37396
34400
18810
47895
35646
2323
25912
22606
39541
39785
11737
46361
25890
49486
45657
42373
31048
24011
36501
45195
9130
8420
18653
12867
36226
39103
402
21585
30023
35071
24088
17399
19451
9231
15274
21430
11534
7519
44016
1055
47284
5734
13748
39506
21552
9385
31860
2581
33376
34693
14108
8839
9446
49093
38038
12004
38176
38420
33569
18180
39823
23989
35559
25607
33200
814
47017
11066
24665
7365
12101
21929
29431
42181
27767
964
1547
9607
19877
1255
44281
33965
26426
20059
49391
14444
32043
37547
19197
15592
5707
25352
39561
41247
939
39094
8393
14288
140
33038
21634
28574
21299
17397
20735
49046
34693
38614
24986
4550
39850
19247
4848
32608
39286
4219
47033
37661
41746
16210
19585
13786
7894
9126
5013
8814
14552
29738
23082
14673
29108
11048
43227
16739
44778
30294
15765
29451
18889
40731
33982
25071
26310
5162
7659
31928
25713
21024
19569
33791
3566
5486
47557
11441
14593
18902
20235
45477
48620
9649
10130
44060
37030
19689
10779
31788
16316
42877
11219
35185
49940
11533
10236
42583
33027
34227
24491
8720
5232
10393
42492
8778
15859
6381
20199
46784
25264
6766
8594
40216
16396
35056
34257
19758
4726
11368
1526
21022
20577
29077
22539
20498
6943
49107
13061
39950
33314
3884
15003
38526
30609
23827
13637
12801
30188
33816
25917
21784
40563
34491
11981
23291
19528
12570
9381
24234
40270
10887
11588
10828
6296
459
31306
29571
49546
10699
35854
32840
14563
17189
37699
11505
40996
1316
24286
37516
1464
183
25633
8359
34655
37594
31630
4163
16496
40991
44729
6746
18210
22649
17554
40839
23088
15192
20390
22614
25871
22576
21786
6767
39745
9465
18252
47073
27113
42518
34570
28558
42681
10183
36897
43668
14109
34860
47811
30585
42183
8872
37311
26726
31501
21198
17545
20921
36370
4267
43515
12222
26824
31634
18969
16549
41079
3553
29955
18173
46051
14505
13063
5064
41020
49940
48713
5109
34780
12856
2026
43296
38061
5669
20002
35894
26847
37527
6796
13198
8126
16643
41752
1282
48257
27053
34164
5669
30586
14099
40174
42969
28584
3217
48013
35936
3137
13058
7377
4250
42247
9383
47526
46640
31384
17508
32514
8212
21367
5642
37742
45825
22266
45826
47088
36855
22859
31232
42504
3425
45311
32658
12726
40227
35855
10719
42495
5325
40110
49852
25907
48689
25567
39765
45309
6931
23605
27803
15123
44952
33426
19197
7109
22024
15003
4177
8859
4194
1741
17696
23951
47032
16686
36657
3591
18874
13709
46066
24179
3799
12250
66
2468
37797
6163
47757
44709
29748
41892
26164
24680
41650
11694
31769
13654
26677
2279
38846
30852
4000
22874
4783
17365
39540
7773
20936
8394
21462
33335
48905
25241
45565
48951
44041
49695
21446
41778
44384
1174
50002
36880
25834
41633
48554
23936
21619
41564
42547
26797
38748
46527
49651
9863
30224
39172
17616
17493
47546
39058
808
46432
30631
12705
11715
24652
28732
33142
32762
23096
648
32745
26309
26463
40710
24843
16731
28661
32739
25610
5439
21467
22117
5070
31311
18674
44222
15259
36147
8101
4298
3287
20865
1261
15972
48912
25894
44685
48386
24988
34113
49015
24065
26754
41810
14755
17930
24873
43397
649
463
48816
38449
38912
20218
19740
7566
14421
1331
43693
38854
21961
46960
26051
23203
29265
41295
15429
40282
6014
40397
24375
5009
14443
17462
13151
29178
35372
4356
38907
36001
4799
4055
24430
10043
24254
10502
17590
5007
11814
27615
43841
33755
24556
36224
23290
20153
27499
38699
10415
49845
29077
1122
4834
43500
18564
34317
39010
3916
38653
27898
39898
43432
31933
30660
19808
22519
41143
37378
27506
19289
14973
21327
19376
5861
23883
42647
25994
17715
31326
36389
17540
26735
3844
38707
20215
22388
23004
25558
42637
27990
3436
48867
37754
1701
29507
7542
24201
36982
44900
1687
22603
26206
39347
41960
32047
29562
939
24374
47257
32245
10743
31130
8961
30919
19817
45508
3288
9153
21046
12257
37123
40814
11104
24858
8848
40591
32380
33029
43906
43613
1048
16489
19799
6727
8429
18178
36270
25700
42532
49859
7926
19608
30969
33219
507
17118
45059
20127
26252
16086
32364
13355
6880
43448
4545
15708
372
3258
15069
44258
46851
32450
27079
32982
39157
1841
1140
41759
27521
10005
7951
1779
29593
5252
34978
30080
22351
30018
16540
48583
12436
15236
28270
35648
8665
49148
17689
25369
2386
49090
35959
15569
31520
13018
48531
37010
14839
16003
45101
8693
25988
3032
10452
5561
8265
45411
1974
30596
41761
34846
45511
20529
62
40113
6157
25059
5593
40178
408
7959
39249
2699
39860
37101
15698
4723
24091
46869
20707
19173
5542
13027
38537
32327
18569
46782
44070
36875
43710
35811
21701
5553
22672
38095
11999
45161
13135
17572
35320
29875
41864
24549
32555
48056
11630
14585
2760
2054
27786
23447
37559
49661
36454
26076
31968
21355
39191
26018
24562
49233
28161
12595
21119
813
671
33098
45954
13786
17002
31254
9993
25198
22135
42528
23235
98
7093
25975
18484
1212
15754
6023
853
18540
48431
32801
6228
3954
25151
30770
3168
3292
43346
40619
20437
43997
40049
16371
24115
7031
13958
34088
32210
2425
42949
21777
18855
16374
47732
37319
17566
29818
43322
18399
48338
8086
17532
4546
12020
42663
35297
31520
45935
44975
22119
16352
38952
12148
49056
29399
35512
29346
29819
17702
31751
22748
5811
587
39103
3523
37886
23001
33321
47541
7733
31639
21959
25245
2518
33959
17889
37795
31812
30156
49102
3911
12841
4386
32392
28229
33765
17884
7555
13564
1918
39286
2645
7709
6205
8080
27564
10424
31061
10865
24297
5126
8836
46236
30352
27686
30175
14573
31813
28319
11061
30895
32211
23882
35261
30935
18443
19006
48799
25978
48903
17049
31597
17880
24738
37782
25940
18634
14538
23333
45831
38815
28440
20999
35031
25124
48666
31539
39677
30459
9838
718
27687
8381
40933
12928
39296
9356
48267
4427
1667
13502
21456
33244
31362
12526
37358
7282
31140
1877
46947
43303
40672
25367
14283
42036
471
12929
39907
6480
9720
16077
23531
37387
24439
30796
296
30067
6484
14895
34475
8131
28377
22263
41355
9719
1122
28694
33333
48594
46903
30260
41878
3907
21960
6141
45923
22411
35402
35810
45224
11454
18220
18735
48822
8991
49511
15450
39038
22327
30325
39845
30439
25034
28441
38126
34733
29543
33152
34398
28117
30035
14638
36327
33923
36578
42448
46178
25322
44182
48321
36878
5617
16521
5593
20771
25492
21436
36201
14510
43743
32858
20688
40514
7872
49109
28621
8937
44984
11753
43315
39433
41769
24285
25741
42024
27196
34521
38182
2498
28684
36483
5708
633
2984
11281
21384
28456
49049
23917
9299
9124
6755
46319
49619
30959
11760
28220
6228
6724
6305
15875
12489
48054
40140
38210
6410
17316
22712
44573
36146
17728
31036
41834
18341
353
19447
6057
45141
18476
29954
20772
27581
36689
17071
43532
33980
28811
21732
6540
1867
28017
22395
14337
42404
12515
18879
48794
46164
7923
9699
32290
41983
40716
24105
26656
7401
9884
32693
2522
44693
12627
23275
22254
15648
6678
32118
15960
1822
3830
22480
20021
48179
44855
690
6915
7351
19550
22042
3495
43805
31721
2117
35769
22417
42554
12405
46150
2419
45079
48653
47092
24038
38260
35678
39667
11270
17776
21959
13072
37938
44420
33074
2449
39255
33744
9345
12938
19626
31367
32765
13412
29420
1215
15513
1818
43749
44250
14300
12500
5661
12933
9572
29680
17525
11582
35679
28776
45690
7618
41828
49960
18370
41234
2390
23958
41311
28067
36876
27269
25766
35974
7013
5166
37169
22506
23316
47250
16737
37597
9731
22378
16862
35635
18390
720
13550
20401
29476
9220
28000
37636
9161
12702
45203
27883
36640
36494
5930
23497
30095
48028
25803
37089
19526
29304
25927
42823
26534
8996
46752
2597
47707
13594
38213
16077
14294
1743
36459
10102
27295
30791
47719
2788
43473
9254
30651
30094
12080
2913
19923
42155
17273
12058
29224
36780
41342
21484
29583
17856
30460
26315
36786
28147
6241
24979
44205
36868
43054
46996
13302
36681
44119
11001
39450
37572
36587
20081
33998
48647
39327
20253
40783
6580
32291
36339
43340
23613
7803
39255
7802
38244
31902
44568
16371
38124
35879
26908
41324
45265
40236
4606
31926
34335
31940
21356
21888
18507
7770
22218
17135
47077
42452
24250
19989
24723
10569
13310
14669
34705
18897
38803
22929
780
49703
5632
5236
35562
48873
46540
47159
39089
17478
29065
23405
49398
16754
11625
17886
24504
175
1353
37913
42607
25583
7882
33663
2484
37524
48312
37169
6402
3447
10078
7162
3130
32043
12378
38672
47248
25250
35811
36317
42708
31208
26054
42087
47942
4011
26305
22426
4167
43990
26671
13106
19553
886
46749
22017
38390
11393
9167
11124
14820
35577
34618
17930
33952
46976
22934
31180
38558
25077
33830
31247
6266
26216
39666
20540
46560
32303
9299
17059
26273
35950
30145
12158
36816
43227
507
41539
4600
26006
2643
35753
11564
37242
20015
11848
550
42930
9361
39089
17987
43171
36668
40585
35719
42666
11106
32259
41301
20385
49298
17554
6315
29424
46044
9464
38983
46531
983
9915
22518
3606
45648
414
7180
15644
28594
7711
24906
37935
13132
9225
31086
16132
49791
16786
8778
27229
15377
59
47594
14656
33945
20241
10412
29969
46037
49375
42832
47000
9270
31682
16939
4899
48428
24099
36875
27003
48142
11761
14918
11254
20966
45985
27366
37089
29103
2476
14298
44460
2515
28224
25448
2792
14798
35840
49093
10815
35195
41906
24148
44446
39920
41067
15677
38329
31498
2532
15312
29621
30625
30210
40855
17923
42527
34554
4993
37962
37010
35623
48755
5858
13828
24183
8630
44958
10004
24056
5753
45179
32294
29881
5957
22194
37280
21614
10503
18759
40478
42147
48360
21083
22338
5547
5339
31197
40081
26664
19140
27072
12267
17875
32910
42427
42038
7872
37365
18374
31908
9451
13534
14182
39312
35823
36357
42925
23770
13192
11664
14228
5320
26356
1644
43990
31883
6963
25167
38297
33607
10639
15349
12206
44846
14591
4614
3217
38795
8311
21571
20684
17742
1437
34846
23387
37241
37535
16292
10991
17060
44288
41551
22360
20624
43175
32682
18839
16470
7829
7116
16409
34801
38797
28596
29627
19720
49542
32824
8496
7833
4376
29160
41908
5793
30338
15275
9366
34206
31547
36689
1246
42167
28221
39938
29123
37728
22600
47942
20531
30409
21391
36920
31542
10168
31848
11150
46221
47722
43954
4697
21888
14662
189
13776
36788
46859
29031
46134
31045
26910
49156
48623
19057
27357
38541
48160
31417
11121
12434
1928
7863
157
5181
39385
26658
3361
515
22859
1064
10802
27536
22932
25444
44057
36688
12212
40896
32051
24679
21922
8941
23815
20525
44330
17504
9047
8822
48901
36500
21236
17162
10695
37726
38675
61
14364
42016
16908
37203
9412
27690
31071
48676
19467
25108
1696
31659
15984
33727
22670
37886
9000
12817
24744
3310
30301
123
12112
45535
36603
49681
29029
47279
37387
17684
13672
1731
26032
30560
5266
35425
24583
36317
34081
44030
11405
2110
42021
27369
35817
31024
31588
44798
43821
6312
48088
40455
6415
26533
2322
9350
42546
31331
22961
46265
15347
36613
47976
41359
33506
19574
43116
8069
5871
43530
18431
17256
45620
26784
10957
31417
7788
42525
42547
1590
48817
40616
8377
21564
33481
10679
47247
26007
41990
20188
22252
23669
23134
36560
15008
6620
6114
24457
31021
28317
17967
15784
11905
13567
42548
22842
11316
317
15348
3844
18239
30497
44440
26596
18394
44253
37255
15621
20240
45577
35789
8824
35578
25255
11716
566
31855
17810
25003
29208
12459
9302
44972
24344
22849
3853
47166
34146
20502
28846
37970
38721
9324
48742
31649
44050
9327
18884
9651
45899
30793
11772
4703
16351
37008
16399
33249
35195
541
24585
30736
12980
33867
42040
3656
23049
45873
802
7175
16355
29629
11477
21408
5285
26551
3037
15667
35858
38253
25298
31737
35378
3402
2772
1709
6742
19151
1291
8270
36024
25856
38986
15336
26055
31006
18972
49084
43212
36106
22591
25899
32067
34048
47288
3684
26931
305
19331
12769
38539
10961
10838
23897
14344
13590
41939
37418
49073
9562
45668
35077
1750
34634
16745
27785
31973
35697
43202
25165
21784
15773
1044
20183
16154
14664
23848
43065
14950
43159
22167
19821
4101
32985
10050
34777
46556
18321
22175
45609
27863
17824
47019
29593
18790
13744
23711
743
49422
16893
42240
37538
32646
43265
7701
15132
24261
47881
24530
39191
41021
46677
25344
11454
45994
1727
12563
8882
20028
34718
4472
14224
18874
17823
43797
37645
31547
33840
4720
47301
713
46941
1171
49692
6538
8853
31156
30779
23066
5666
36303
14067
18675
11627
41853
14650
13334
4396
23512
49695
5447
44316
13899
40653
12119
24028
44630
9999
24201
49331
7280
24894
12604
8432
40918
19122
33617
22055
49881
6663
44053
2516
37063
12709
14124
28896
27339
43790
49625
17183
9817
21404
11480
40048
12037
39931
14057
6648
49910
4590
22311
7171
29464
34895
31935
36715
3997
31884
8750
20210
4879
2783
22707
41922
31824
3163
37151
9143
13285
3108
42659
23083
24492
4119
13111
2861
44030
43500
25841
10273
48070
48132
33776
43867
33007
15691
30562
3336
13907
5644
39879
18766
24759
12566
27021
6564
32061
30504
32039
45326
49944
24678
34741
24416
45129
14185
43609
5492
24017
19431
15745
38420
17543
49501
32267
16883
31524
29161
20199
11763
1137
26410
46861
42228
5308
23862
15124
37349
20698
13496
49008
20622
38154
33729
11370
49616
14246
21312
5088
38244
40723
20813
26644
8246
36646
25243
41461
34502
20736
27993
46245
21853
4383
43086
30413
9672
33281
45518
13353
20311
8994
12341
7266
13480
12403
18616
13076
26629
6260
34496
14853
46963
21641
7829
21542
8267
33052
12983
42749
20120
40956
5326
41953
45320
48393
38699
21324
48006
549
34657
18297
25875
46979
25543
39335
9362
10492
18744
35971
16732
3220
17157
13676
24842
24966
35198
49441
24351
14513
8523
44451
5450
13829
2737
750
28554
7768
22054
42892
8297
6691
11170
34152
20002
3045
39819
45696
13517
24895
31648
46582
28096
15137
26590
19270
6435
28120
35043
47118
42613
43546
7902
48043
23708
10619
15125
18594
18367
3511
11467
42996
26535
38969
27128
46517
41994
33279
42194
21844
8155
40174
34758
2583
21643
11328
21833
28058
39428
23208
41509
48373
33087
49391
46397
6775
26342
27854
41701
44689
31346
3148
4017
24213
8449
47477
20710
424
30736
29236
38600
38871
35742
23338
41434
7365
34646
29599
1756
40406
2788
43245
38759
35855
8968
1488
8962
35290
45675
643
46311
27001
20124
308
1194
28553
47765
38236
45309
28481
33805
33889
17333
19527
7207
25099
43225
8185
4679
44961
48571
7447
4538
3663
9634
13486
21483
18576
48756
17138
35551
45047
10471
5655
11687
27997
34189
9432
32566
29478
4245
16351
29700
21558
35858
36887
12990
29063
11405
17649
40356
9956
41428
44874
29951
1042
24692
17767
35950
39780
34885
21481
1159
45337
43469
12826
39666
43990
22238
22212
39800
26464
38543
19480
14354
40734
22700
27324
36129
34085
11305
26466
10373
19065
37672
40305
36439
12345
8052
22369
18457
9269
10183
19597
20938
3632
32403
10585
47602
20974
32777
37382
13770
37653
23195
28104
44719
45875
21761
30828
29940
49398
23626
40293
18444
11279
30578
4863
39956
4962
43565
8393
14212
3728
27970
35130
23692
26706
12047
37626
47660
11157
41340
11410
48790
14515
5846
9841
10370
43939
40649
6642
43318
14256
46916
28094
41867
43826
49289
31803
15121
42834
6528
29313
12894
831
30775
2918
27517
9155
40524
41509
20292
31845
2899
35414
12692
25077
45235
23043
18997
35864
46017
12295
16452
42913
6721
8299
3072
5990
6434
18173
48805
29295
47466
28031
30106
44573
30930
23955
3708
37786
15444
40332
35963
34675
25726
48636
9732
20941
38011
28709
23138
34008
7336
5922
26902
14037
30554
29954
20008
36968
48107
35145
16243
11905
13156
12681
22810
10418
36616
42851
48185
18392
33163
34128
3047
25222
32744
29112
12495
37087
7801
1965
21076
31470
7868
14310
45487
38402
44244
31827
41702
8683
16952
24278
36920
30089
36939
26062
6839
39888
35245
5004
24612
18389
39113
43992
9943
38189
23084
22418
25257
47217
24364
46313
28667
32212
26955
40487
36946
37531
22294
28628
12546
39227
19238
15798
35648
6158
41840
42467
12378
27066
13804
3322
11787
19249
47294
21710
7418
20358
44108
49007
17556
34804
11652
12555
16996
38587
3022
20274
26098
25297
48883
38624
30856
18101
4402
16484
40591
12575
25283
19301
5973
39067
22604
17740
24648
36230
5782
32047
6569
16222
47386
40457
1007
9019
2992
34335
13938
22347
4590
6369
47624
19805
44973
28460
4238
15708
11276
11162
28263
2891
30443
34216
8291
19379
18288
32919
5590
24050
31298
28491
40252
28665
35280
7591
4016
4604
41907
17934
26931
12829
24283
24535
32614
35589
19327
36832
1277
46935
47974
45872
49807
44750
46420
8078
30461
31040
7329
2383
5070
38608
47206
11654
33605
32466
35578
37601
37051
27465
21867
30314
40274
46131
4830
39220
48052
40489
42384
15661
3757
6691
27865
3544
17773
24265
27954
48214
5285
1615
16930
26687
40203
14116
4673
23788
12915
40231
27721
16298
34028
49569
46592
40634
45680
17754
46186
10064
8224
38551
25705
11961
45222
3550
31837
29327
44147
26123
27521
15764
27718
44431
8783
17902
24880
13436
8022
37775
20000
35724
4053
20360
35273
625
27327
47285
18360
23493
7329
42916
28376
49366
21209
39930
2896
3026
19237
47023
45481
46739
29119
23179
7502
37882
7413
48714
17650
31768
36469
37630
17472
6854
24323
19077
7460
17982
16342
42152
41455
40003
35048
36164
39349
22589
26074
8577
41947
45292
21932
37408
8363
1031
26919
32197
38893
34313
30892
6523
16061
17341
10486
49865
24176
1141
18922
47968
19103
1596
6452
10538
7931
7832
13034
13612
30401
39089
22169
22328
34361
10433
26068
9056
11444
2967
41233
16669
37260
22105
39524
19653
5779
49990
35850
46287
1111
21104
44235
20194
39032
667
47065
46943
24831
10079
26887
5212
15500
49036
43872
49841
25801
19920
25229
3577
22867
16443
20226
26460
38528
9731
46093
10639
26053
48276
6906
27145
19360
17473
13671
8373
34472
27068
21648
9283
3480
48516
14475
18960
13884
8327
35134
39666
28227
10343
43223
17427
26766
13430
43867
31627
39493
6292
42246
15526
4548
49133
9003
40241
16586
22655
48594
1039
49703
36574
26654
19515
35070
41110
38456
48935
15769
23570
4933
10329
33893
48136
27736
26992
27898
21583
8599
17371
44207
825
49230
48736
16290
8213
38957
32857
47200
3883
228
13236
40437
43214
32731
41840
34304
21167
40755
16406
44717
45668
26715
44943
10136
20783
21915
38015
8698
30494
21718
2885
47651
37280
1601
13922
45474
6890
13111
42654
27105
29671
5870
33875
22865
4934
25695
23502
26081
16430
39888
37131
28430
32935
48406
4898
20050
20301
42893
28728
17127
30944
31593
14758
18204
49527
45012
30010
6397
8103
38997
49835
4106
11199
33690
26952
16113
9365
434
42175
42127
6654
45638
36889
5921
44024
41767
25951
30657
993
4659
47764
31917
36232
28854
16453
2091
40199
12796
8469
14634
1773
24636
18721
12952
8306
45653
45398
34003
12419
37553
42462
19053
49523
29331
41306
43527
37430
17237
24164
38403
21876
38260
36652
24440
33446
3086
26512
23625
32214
1313
38240
33967
25929
6941
13251
567
18926
8629
34550
31325
12514
26992
16710
12017
22655
7996
21876
10065
41565
12372
48449
29773
612
35081
4193
34039
4499
47037
23996
3045
14682
12216
36992
6943
19137
16576
7490
4395
25185
8372
35700
4032
1696
18742
32381
24331
43070
4238
729
34615
32942
15510
30720
33535
16923
1246
33906
37755
48263
7882
40780
29278
36431
27753
36201
21900
44309
10024
26276
35826
18376
28308
6190
36405
13383
38552
27068
6433
9122
27777
7381
42044
43267
38081
41911
10171
39307
25797
47906
3903
50012
5018
33161
2775
32751
35694
24655
43392
45698
911
45551
30407
45552
1721
16792
8915
40253
43840
15328
15707
37950
39041
7732
47549
27103
49623
24052
32742
41753
38290
36625
8097
43289
36118
10852
42372
21793
35487
35745
33823
2731
47628
14210
14615
49329
47334
23510
5915
7507
5170
21602
45437
44192
45666
9318
21275
45270
33351
20349
3355
21621
23307
11432
14890
9405
38616
7243
47530
40435
9320
47686
9498
6928
11876
24093
22589
25543
47583
44836
33030
2734
32771
44799
46906
28417
4097
34513
40019
37428
21194
43354
25382
44481
21118
40252
3867
26066
13827
17729
16482
23127
15395
25960
46387
43604
34
35309
35479
13949
30125
18489
16663
12876
13268
29901
7626
33697
30746
13977
21106
1921
7312
46468
46382
44762
3052
16581
20809
16860
643
3623
6319
32370
45915
2687
25954
45929
4328
27765
26211
34433
46234
9206
13642
25834
5440
21248
9512
36166
1557
46950
4419
25201
9750
17134
19944
12782
33695
7085
45974
670
10688
18626
33021
6583
37645
25307
18845
41953
3053
11388
26366
49267
20574
6340
41434
25994
43920
17278
28493
45458
14208
49244
20639
40290
16358
40563
19404
16386
13980
15359
17036
41000
317
37
13916
37942
25325
49093
29875
44710
10461
22573
43957
47367
28894
1723
39694
22794
18981
34519
18232
49521
33743
5204
39791
82
12099
25528
16448
26060
7219
33464
17040
7516
49834
47288
45438
25139
46361
41645
19829
23154
14198
30118
20502
43072
48174
26528
32199
33487
11027
16763
32989
11102
21947
39112
11164
34027
14620
43944
26419
21819
27389
9791
29315
43555
7060
41085
35026
19753
32710
21187
42888
46889
1285
29722
6293
15791
22582
4824
49259
33589
21568
32228
44671
9847
37672
22168
10206
18625
16092
36605
40424
9813
46377
36072
19700
3417
27137
4706
39502
26180
25873
32370
39401
43491
28424
12026
9262
986
16831
8501
907
4731
7061
11911
30910
11066
411
41097
29671
32835
27682
36427
42629
24039
22479
12309
43788
15949
33348
33271
42109
9201
31973
47842
2672
10378
9848
28267
27696
43011
3100
28584
14074
26494
6827
44965
37540
7218
36042
17191
40033
13704
19950
48994
4076
42410
27636
14196
24691
10964
47447
33132
20145
29401
30954
39150
6111
7134
17397
33787
126
20477
28703
14180
46951
35510
9125
823
42708
11499
17994
32722
41536
37925
31696
11944
46667
9312
26120
21338
36608
23548
4450
6734
19281
1736
45864
41724
8850
29593
25491
25308
50
20527
39469
13334
6017
14926
14137
15058
42758
48464
14112
34274
2721
45788
46198
49368
21433
22298
37038
8021
12178
7820
31087
47791
9536
43283
39495
34718
22856
31319
10007
39239
1826
49456
2553
24175
30714
16670
39213
23452
31466
3305
7706
34167
15426
20236
33515
3191
42515
36885
27544
21025
44685
8612
18797
4201
18227
8272
38900
41064
5923
48887
30283
24081
14675
49168
48237
45369
32170
37430
18802
13617
7068
42840
47764
22474
13057
47612
41997
21904
34477
19521
42909
29143
44465
28038
49676
12673
2643
38556
3717
8546
3775
332
32608
34782
49480
30825
30132
31630
34587
15266
11579
41635
24438
9324
30441
3827
6916
22418
25711
41373
41920
34953
20496
36365
12971
20153
15370
15594
25041
19067
40473
45149
35731
39413
29911
35191
36570
26375
33154
21137
41621
44713
29105
32392
4017
25878
36199
27265
14629
28243
18619
22881
13176
5447
25578
42479
41932
40929
24406
33306
9976
14859
28435
45688
20604
24678
47211
7154
1034
46697
44623
8987
41391
23708
41359
11740
15919
43891
5338
30528
22114
40289
3389
35270
45716
28947
27729
3981
36208
18467
3619
12517
49658
32034
24537
20242
23044
21728
27376
24058
18406
21980
33026
26129
12020
40717
4201
44271
34588
9519
24779
6682
49788
44500
8284
11837
39780
2346
32150
25968
20793
35749
4817
20432
34115
29334
40654
7139
1043
34363
31178
35781
22675
30536
28242
34675
21233
32423
45279
22154
8275
36390
28816
24395
30871
37081
36212
36983
39407
34694
29283
26532
20423
34081
46944
4518
13395
3931
27990
30770
38274
9148
32883
10929
6016
11105
11936
43581
9861
7195
15715
18116
43566
10864
42491
40769
14277
45036
27732
20016
29710
23347
46528
16466
7408
9805
37316
37136
13716
15286
17886
1970
40766
750
29231
46762
28187
41147
40324
38028
48323
22371
6124
8221
33215
14948
48970
47472
9964
43034
17468
6006
16361
30329
38804
40102
40114
26101
27218
3810
41367
11436
22112
48466
28518
1323
45208
6686
8802
1864
44694
7105
24216
17151
31658
23763
32079
30608
37568
8375
23622
5016
30713
6316
1677
19498
46398
41771
11931
23596
45561
19630
35012
34005
18076
29863
35308
29617
36529
44091
31461
31203
17528
22009
14686
15519
45753
13097
46107
49653
21452
36062
21001
18498
42358
22659
4328
5088
14410
16239
28664
26304
35849
30008
10289
20258
9851
11930
49855
12712
22353
31296
43896
39861
19638
24914
5360
31723
37992
17800
31356
25776
20194
2337
44254
28884
24976
48562
33952
5719
31133
28948
32003
16963
25288
8624
37201
35120
20534
37036
47812
42867
34664
8040
49061
4282
49287
20753
2337
37259
38533
33673
13015
25059
35991
7250
3923
27299
22144
4207
32998
3258
33135
14981
36553
8404
23586
40086
9856
44100
27102
24000
3300
28098
48373
2341
48713
47640
23074
1030
34879
27940
34684
47874
19331
37007
21456
39587
14286
9933
43774
47265
13171
26890
12226
49704
1626
2144
6122
27814
12577
33204
1794
15857
27634
147
34530
26327
47767
23936
43690
48978
18208
28354
13185
37520
31693
34621
27087
45959
10886
20841
43204
24037
14063
21763
40073
32021
23887
46175
9815
2796
45711
11590
18633
39678
28069
19495
15985
42169
43412
26007
41127
11600
20693
4292
15452
2366
5246
42519
48306
16112
29693
7842
6482
10088
29585
46535
42090
19805
9043
18237
22581
4734
46159
7547
10744
24209
27022
43062
32710
36766
19049
23817
48347
39723
44442
13779
42069
49668
22631
6707
32112
2304
14530
38574
28724
10447
1442
20794
30232
26817
5364
19146
47883
1503
26673
8608
42044
20027
1650
24734
6774
20679
48532
21453
26734
9306
35212
18784
25306
24175
41823
7398
42811
22685
12305
21516
33113
30079
8642
29677
6876
13986
15155
4739
15470
8160
13327
7494
28168
14957
32209
34922
1969
47073
6355
28683
6359
7899
13799
31645
32055
5603
5375
24846
44620
17660
12694
44065
14071
21317
23723
20927
35283
38858
41999
733
13351
5306
24560
41499
36596
23101
42753
4897
20154
49088
33560
42845
23319
13692
40822
21706
35627
46177
12885
30227
30170
25559
24273
44221
46856
14328
31481
32120
19518
23460
49185
32849
45098
23725
24328
48026
46806
33413
2903
33292
48833
2796
42469
22133
32820
33271
10171
18427
29429
23036
14986
25931
48576
5591
36484
45412
19899
17945
43864
5750
7737
43030
38579
19168
33087
29240
33526
46226
12633
36410
29498
11447
5538
38300
49912
4690
21551
10063
23097
17312
33080
4415
43223
47988
9987
46040
43380
46218
30317
37225
1948
4387
46587
40508
23535
29654
36080
7041
25860
15045
9783
21691
42824
31653
9971
42716
36323
31502
19112
25752
15147
18524
30148
24702
16492
6467
20722
26204
2665
1020
29761
4594
5387
26328
11434
45254
22315
13846
2275
14507
28871
28391
36178
21676
10024
12481
30724
46328
10316
49816
38412
25443
18320
18540
125
1144
24987
20828
27329
43985
38180
7070
48559
43547
49731
26325
38781
22026
40151
7388
36513
19002
35759
39024
7010
12116
1485
37715
24776
11781
3863
13168
3556
22164
48041
3662
39640
39360
40822
16949
33325
28982
24000
48216
38861
23711
24521
43974
12069
31004
1342
48562
16339
3434
37566
23329
15530
5384
27376
40286
17145
31220
3434
20682
19716
1455
40676
9336
40796
31478
26266
24101
26792
16598
38650
15633
6641
29503
9587
35042
10488
27261
33584
26807
30675
37483
16468
46185
9199
10177
36451
26324
41377
6218
13338
27425
7653
20346
36741
14781
18156
29339
38863
44928
12269
27493
26893
18890
23328
2812
3912
33796
30054
3829
26935
27061
7644
9736
23227
16823
19893
26010
9479
27602
32208
39150
5007
6194
9476
41728
20955
27613
37400
9798
38873
49649
3623
32099
34872
26932
34891
5116
